01:00:24-01:07:00,10,20,10,40,35,40
01:02:34-01:08:53,15,10,15,35
01:04:44-01:08:56,20,15,20,35
01:06:59-01:11:47,30,35,45,35
01:08:31-01:16:19,35,30,35,25,45,25
01:10:48-01:17:20,20,10,35,10
02:00:15-02:05:35,25,45,45,45,45,40
02:02:26-02:03:52,10,20,10,40,35,40
02:04:16-02:11:19,15,10,15,35
02:06:27-02:10:19,20,15,20,35
02:08:16-02:14:17,30,35,45,35
02:10:09-02:16:15,35,30,35,25,45,25
03:00:21-03:01:33,20,10,35,10
03:01:57-03:04:29,10,20,10,40,35,40
03:02:56-03:11:46,15,10,15,35
03:04:02-03:11:30,20,15,20,35
03:05:20-03:08:52,25,30,30,30,30,20,40,20,40,10
03:07:10-03:10:52,35,30,35,25,45,25
03:08:28-03:16:02,20,10,35,10
03:09:57-03:16:50,10,20,10,40,35,40
03:11:01-03:20:20,5,20,5,35
04:00:31-04:01:13,15,10,15,35
04:02:19-04:09:33,30,35,45,35
04:03:25-04:05:43,25,30,30,30,30,20,40,20,40,10
04:05:38-04:11:46,35,30,35,25,45,25
04:07:15-04:13:38,25,45,45,45,45,40
04:08:38-04:16:10,10,20,10,40,35,40
04:10:56-04:11:44,15,10,15,35
05:00:09-05:08:40,30,35,45,35
05:01:54-05:01:57,25,30,30,30,30,20,40,20,40,10
05:02:40-05:10:45,35,30,35,25,45,25
05:04:36-05:11:04,20,10,35,10
05:05:48-05:07:32,10,20,10,40,35,40
05:07:14-05:08:01,15,10,15,35
05:08:09-05:12:56,20,15,20,35
05:09:39-05:10:41,25,30,30,30,30,20,40,20,40,10
05:11:19-05:11:27,20,10,35,10
06:00:36-06:08:48,10,20,10,40,35,40
06:01:42-06:10:57,15,10,15,35
06:03:08-06:03:28,20,15,20,35
06:04:45-06:06:18,25,30,30,30,30,20,40,20,40,10
06:06:39-06:14:19,20,10,35,10
06:07:45-06:10:04,25,45,45,45,45,40
06:09:21-06:11:41,5,20,5,35
06:11:10-06:14:35,20,15,20,35
07:00:20-07:01:40,30,35,45,35
07:01:39-07:10:46,25,30,30,30,30,20,40,20,40,10
07:02:51-07:06:03,35,30,35,25,45,25
07:04:33-07:09:23,20,10,35,10
07:05:35-07:10:56,25,45,45,45,45,40
07:06:42-07:10:53,5,20,5,35
07:08:26-07:14:25,20,15,20,35
07:09:45-07:09:59,25,30,30,30,30,20,40,20,40,10
07:11:17-07:17:15,35,30,35,25,45,25
08:00:07-08:08:14,20,10,35,10
08:02:42-08:04:34,25,45,45,45,45,40
08:05:05-08:08:08,5,20,5,35
08:07:59-08:13:10,15,10,15,35
08:09:36-08:13:40,30,35,45,35
09:00:04-09:06:00,25,30,30,30,30,20,40,20,40,10
09:03:15-09:10:09,35,30,35,25,45,25
09:05:48-09:09:35,20,10,35,10
09:08:04-09:11:49,25,45,45,45,45,40
09:10:40-09:14:50,5,20,5,35
10:00:42-10:04:15,20,15,20,35
10:02:08-10:05:41,30,35,45,35
10:03:06-10:12:03,25,30,30,30,30,20,40,20,40,10
10:05:11-10:14:20,35,30,35,25,45,25
10:06:21-10:10:29,25,45,45,45,45,40
10:07:38-10:15:32,10,20,10,40,35,40
10:09:09-10:12:01,15,10,15,35
10:10:31-10:19:31,20,15,20,35
11:00:56-11:05:38,30,35,45,35
11:02:32-11:07:09,25,30,30,30,30,20,40,20,40,10
11:04:52-11:05:38,20,10,35,10
11:06:38-11:07:11,25,45,45,45,45,40
11:08:11-11:17:11,10,20,10,40,35,40
11:10:38-11:12:06,15,10,15,35
12:00:13-12:01:22,30,35,45,35
12:02:24-12:08:12,35,30,35,25,45,25
12:03:27-12:11:36,20,10,35,10
12:05:35-12:14:59,10,20,10,40,35,40
12:07:13-12:09:59,15,10,15,35
12:09:06-12:17:23,20,15,20,35
12:10:17-12:17:53,30,35,45,35
13:00:14-13:01:54,25,30,30,30,30,20,40,20,40,10
13:01:35-13:03:51,20,10,35,10
13:03:39-13:08:37,10,20,10,40,35,40
13:04:33-13:06:20,5,20,5,35
13:06:29-13:06:30,15,10,15,35
13:07:37-13:13:26,20,15,20,35
13:09:14-13:13:12,25,30,30,30,30,20,40,20,40,10
13:11:09-13:11:53,20,10,35,10
14:00:50-14:06:13,25,45,45,45,45,40
14:03:05-14:05:25,5,20,5,35
14:05:47-14:14:23,20,15,20,35
14:08:06-14:15:24,25,30,30,30,30,20,40,20,40,10
14:10:27-14:11:24,35,30,35,25,45,25
15:01:05-15:05:07,20,10,35,10
15:03:06-15:04:57,10,20,10,40,35,40
15:05:18-15:11:43,15,10,15,35
15:07:34-15:08:27,30,35,45,35
15:09:42-15:14:28,25,30,30,30,30,20,40,20,40,10
16:00:41-16:02:31,35,30,35,25,45,25
16:03:18-16:06:17,20,10,35,10
16:05:17-16:09:25,10,20,10,40,35,40
16:07:44-16:15:43,5,20,5,35
16:10:36-16:17:06,20,15,20,35
17:00:27-17:03:22,30,35,45,35
17:02:07-17:02:36,25,30,30,30,30,20,40,20,40,10
17:04:09-17:12:05,35,30,35,25,45,25
17:05:11-17:06:30,20,10,35,10
17:06:55-17:07:59,25,45,45,45,45,40
17:08:44-17:09:24,5,20,5,35
17:10:41-17:14:16,15,10,15,35
18:00:08-18:06:08,20,15,20,35
18:01:30-18:01:34,30,35,45,35
18:02:49-18:05:14,35,30,35,25,45,25
18:04:32-18:12:05,25,45,45,45,45,40
18:05:45-18:08:15,10,20,10,40,35,40
18:06:40-18:07:27,5,20,5,35
18:08:36-18:17:47,15,10,15,35
18:09:44-18:18:04,30,35,45,35
18:10:48-18:14:48,35,30,35,25,45,25
19:00:12-19:01:35,25,45,45,45,45,40
19:01:37-19:04:49,5,20,5,35
19:03:13-19:04:07,15,10,15,35
19:04:51-19:12:51,30,35,45,35
19:06:38-19:07:34,25,30,30,30,30,20,40,20,40,10
19:07:38-19:13:34,20,10,35,10
19:09:13-19:10:21,10,20,10,40,35,40
19:10:41-19:14:50,5,20,5,35
20:00:16-20:09:40,15,10,15,35
20:03:13-20:12:29,20,15,20,35
20:05:32-20:15:02,30,35,45,35
20:08:20-20:17:54,35,30,35,25,45,25
20:10:34-20:17:38,25,45,45,45,45,40
21:00:47-21:04:41,10,20,10,40,35,40
21:02:28-21:07:20,15,10,15,35
21:04:02-21:08:50,30,35,45,35
21:05:44-21:12:48,25,30,30,30,30,20,40,20,40,10
21:07:00-21:13:24,35,30,35,25,45,25
21:09:20-21:14:04,20,10,35,10
21:10:27-21:13:09,10,20,10,40,35,40
22:00:43-22:01:05,15,10,15,35
22:02:06-22:04:58,20,15,20,35
22:03:54-22:07:39,25,30,30,30,30,20,40,20,40,10
22:05:50-22:13:31,20,10,35,10
22:07:03-22:09:36,25,45,45,45,45,40
22:09:08-22:18:31,10,20,10,40,35,40
22:11:01-22:18:49,5,20,5,35
23:00:46-23:01:57,15,10,15,35
23:02:42-23:06:07,20,15,20,35
23:04:17-23:09:02,30,35,45,35
23:06:38-23:11:12,25,30,30,30,30,20,40,20,40,10
23:08:09-23:14:29,35,30,35,25,45,25
23:10:59-23:13:40,20,10,35,10
24:00:41-24:02:11,10,20,10,40,35,40
24:02:24-24:04:55,5,20,5,35
24:05:53-24:12:09,15,10,15,35
24:07:19-24:12:21,30,35,45,35
24:10:41-24:20:03,35,30,35,25,45,25
25:00:38-25:04:54,20,10,35,10
25:02:02-25:02:46,10,20,10,40,35,40
25:03:17-25:06:56,5,20,5,35
25:05:10-25:09:35,15,10,15,35
25:06:03-25:12:09,30,35,45,35
25:07:36-25:14:26,25,30,30,30,30,20,40,20,40,10
25:09:44-25:18:41,35,30,35,25,45,25
25:10:49-25:17:07,20,10,35,10
26:00:39-26:07:50,25,45,45,45,45,40
26:02:08-26:06:42,5,20,5,35
26:03:04-26:05:47,20,15,20,35
26:04:35-26:05:47,25,30,30,30,30,20,40,20,40,10
26:06:01-26:13:20,20,10,35,10
26:07:33-26:11:34,10,20,10,40,35,40
26:09:32-26:13:25,5,20,5,35
26:10:49-26:17:05,20,15,20,35
