01:00:22-01:08:06,10,20,10,40,35,40
01:01:41-01:09:56,15,10,15,35
01:02:45-01:03:09,30,35,45,35
01:04:23-01:09:29,35,30,35,25,45,25
01:05:39-01:12:51,25,45,45,45,45,40
01:06:58-01:12:24,5,20,5,35
01:08:05-01:11:01,20,15,20,35
01:09:40-01:15:40,30,35,45,35
01:11:18-01:15:02,25,30,30,30,30,20,40,20,40,10
02:00:20-02:09:19,35,30,35,25,45,25
02:03:28-02:03:44,25,45,45,45,45,40
02:05:17-02:09:21,5,20,5,35
02:08:12-02:11:08,15,10,15,35
02:10:11-02:16:16,20,15,20,35
03:00:30-03:02:26,25,30,30,30,30,20,40,20,40,10
03:01:23-03:02:27,35,30,35,25,45,25
03:02:48-03:07:56,20,10,35,10
03:04:08-03:11:11,10,20,10,40,35,40
03:05:23-03:07:16,5,20,5,35
03:06:56-03:16:24,20,15,20,35
03:08:17-03:13:33,30,35,45,35
03:09:52-03:17:40,25,30,30,30,30,20,40,20,40,10
03:10:53-03:11:29,35,30,35,25,45,25
04:00:12-04:00:28,25,45,45,45,45,40
04:02:02-04:06:20,10,20,10,40,35,40
04:03:17-04:08:03,15,10,15,35
04:05:10-04:13:11,30,35,45,35
04:06:18-04:13:27,25,30,30,30,30,20,40,20,40,10
04:07:36-04:12:00,35,30,35,25,45,25
04:09:14-04:16:01,20,10,35,10
04:10:41-04:17:24,10,20,10,40,35,40
05:00:48-05:02:28,5,20,5,35
05:03:02-05:07:33,20,15,20,35
05:05:40-05:07:08,25,30,30,30,30,20,40,20,40,10
05:07:25-05:13:21,35,30,35,25,45,25
05:10:09-05:16:39,25,45,45,45,45,40
06:00:17-06:09:49,10,20,10,40,35,40
06:01:24-06:10:40,15,10,15,35
06:02:50-06:10:43,20,15,20,35
06:04:11-06:05:07,25,30,30,30,30,20,40,20,40,10
06:05:43-06:08:00,35,30,35,25,45,25
06:07:12-06:11:32,25,45,45,45,45,40
06:08:23-06:14:04,5,20,5,35
06:09:40-06:09:58,20,15,20,35
06:11:09-06:15:13,30,35,45,35
07:00:00-07:05:30,35,30,35,25,45,25
07:03:16-07:03:31,20,10,35,10
07:05:12-07:11:28,25,45,45,45,45,40
07:08:00-07:08:42,10,20,10,40,35,40
07:10:20-07:17:04,5,20,5,35
08:00:38-08:01:19,15,10,15,35
08:02:35-08:03:07,30,35,45,35
08:04:12-08:08:51,25,30,30,30,30,20,40,20,40,10
08:06:50-08:13:02,20,10,35,10
08:08:31-08:10:15,10,20,10,40,35,40
08:10:29-08:19:34,5,20,5,35
09:00:31-09:04:50,20,15,20,35
09:01:36-09:06:29,30,35,45,35
09:03:18-09:07:38,35,30,35,25,45,25
09:04:23-09:11:45,20,10,35,10
09:05:22-09:14:03,10,20,10,40,35,40
09:06:53-09:08:09,15,10,15,35
09:08:30-09:10:31,20,15,20,35
09:09:24-09:15:48,25,30,30,30,30,20,40,20,40,10
09:10:48-09:14:52,20,10,35,10
10:00:00-10:00:06,25,45,45,45,45,40
10:01:40-10:06:56,10,20,10,40,35,40
10:03:40-10:11:41,15,10,15,35
10:05:09-10:13:49,20,15,20,35
10:06:22-10:10:45,30,35,45,35
10:07:43-10:14:56,25,30,30,30,30,20,40,20,40,10
10:09:00-10:10:52,35,30,35,25,45,25
10:10:56-10:19:08,20,10,35,10
11:00:38-11:09:50,10,20,10,40,35,40
11:02:56-11:03:38,15,10,15,35
11:04:05-11:12:11,20,15,20,35
11:06:47-11:13:54,25,30,30,30,30,20,40,20,40,10
11:08:27-11:08:31,20,10,35,10
11:10:59-11:19:52,10,20,10,40,35,40
12:00:32-12:03:18,15,10,15,35
12:02:52-12:03:19,30,35,45,35
12:05:32-12:06:31,35,30,35,25,45,25
12:07:24-12:16:09,25,45,45,45,45,40
12:09:59-12:11:23,5,20,5,35
13:00:15-13:02:55,20,15,20,35
13:02:30-13:09:48,25,30,30,30,30,20,40,20,40,10
13:04:15-13:06:35,20,10,35,10
13:06:07-13:15:18,25,45,45,45,45,40
13:08:32-13:17:21,10,20,10,40,35,40
13:10:20-13:14:12,5,20,5,35
14:01:08-14:04:26,15,10,15,35
14:02:34-14:07:35,20,15,20,35
14:04:50-14:10:22,25,30,30,30,30,20,40,20,40,10
14:07:13-14:15:53,20,10,35,10
14:10:09-14:14:06,25,45,45,45,45,40
15:00:34-15:03:44,5,20,5,35
15:02:08-15:08:04,15,10,15,35
15:04:48-15:08:17,20,15,20,35
15:06:24-15:10:58,30,35,45,35
15:08:31-15:15:01,35,30,35,25,45,25
15:10:50-15:19:39,20,10,35,10
16:00:14-16:04:18,25,45,45,45,45,40
16:01:55-16:04:51,5,20,5,35
16:02:41-16:09:49,15,10,15,35
16:04:39-16:11:03,30,35,45,35
16:05:29-16:05:53,35,30,35,25,45,25
16:06:51-16:11:27,25,45,45,45,45,40
16:08:21-16:10:57,5,20,5,35
16:09:26-16:13:50,15,10,15,35
16:11:10-16:19:58,20,15,20,35
17:00:11-17:07:06,25,30,30,30,30,20,40,20,40,10
17:02:13-17:08:57,35,30,35,25,45,25
17:03:06-17:11:30,25,45,45,45,45,40
17:04:36-17:06:12,10,20,10,40,35,40
17:06:21-17:14:07,15,10,15,35
17:08:06-17:14:50,20,15,20,35
17:09:12-17:15:15,30,35,45,35
17:10:35-17:11:55,35,30,35,25,45,25
18:00:17-18:04:29,25,45,45,45,45,40
18:01:40-18:08:24,5,20,5,35
18:03:08-18:08:38,20,15,20,35
18:04:32-18:13:52,25,30,30,30,30,20,40,20,40,10
18:06:24-18:10:10,35,30,35,25,45,25
18:07:44-18:11:22,20,10,35,10
18:09:32-18:15:39,10,20,10,40,35,40
18:10:52-18:12:27,15,10,15,35
19:00:17-19:05:20,30,35,45,35
19:02:02-19:10:39,25,30,30,30,30,20,40,20,40,10
19:03:29-19:11:13,35,30,35,25,45,25
19:04:34-19:07:52,20,10,35,10
19:06:05-19:13:17,10,20,10,40,35,40
19:07:33-19:07:51,5,20,5,35
19:09:15-19:14:23,20,15,20,35
19:10:58-19:20:26,30,35,45,35
20:00:07-20:03:30,25,30,30,30,30,20,40,20,40,10
20:01:39-20:05:31,35,30,35,25,45,25
20:03:13-20:05:25,25,45,45,45,45,40
20:04:50-20:10:59,10,20,10,40,35,40
20:06:37-20:12:57,15,10,15,35
20:08:06-20:10:54,30,35,45,35
20:09:20-20:16:02,25,30,30,30,30,20,40,20,40,10
20:11:09-20:18:54,35,30,35,25,45,25
21:00:20-21:05:28,20,10,35,10
21:02:00-21:08:06,10,20,10,40,35,40
21:03:40-21:12:28,5,20,5,35
21:05:06-21:07:32,20,15,20,35
21:06:16-21:11:33,30,35,45,35
21:07:49-21:09:25,25,30,30,30,30,20,40,20,40,10
21:09:31-21:12:36,35,30,35,25,45,25
21:11:02-21:12:59,20,10,35,10
22:00:40-22:03:47,10,20,10,40,35,40
22:01:49-22:08:33,5,20,5,35
22:03:58-22:06:03,20,15,20,35
22:05:19-22:09:36,30,35,45,35
22:07:08-22:12:19,35,30,35,25,45,25
22:08:37-22:14:06,20,10,35,10
22:11:00-22:12:08,25,45,45,45,45,40
23:00:04-23:05:28,10,20,10,40,35,40
23:01:39-23:05:59,15,10,15,35
23:03:08-23:10:28,20,15,20,35
23:04:30-23:07:37,25,30,30,30,30,20,40,20,40,10
23:05:23-23:07:02,35,30,35,25,45,25
23:07:05-23:12:23,20,10,35,10
23:08:37-23:15:51,25,45,45,45,45,40
23:09:25-23:10:28,5,20,5,35
23:10:51-23:15:45,15,10,15,35
24:00:33-24:07:31,30,35,45,35
24:01:52-24:02:32,25,30,30,30,30,20,40,20,40,10
24:03:09-24:07:55,35,30,35,25,45,25
24:04:33-24:12:05,25,45,45,45,45,40
24:06:13-24:11:57,5,20,5,35
24:07:49-24:13:22,20,15,20,35
24:09:01-24:11:56,25,30,30,30,30,20,40,20,40,10
24:10:31-24:15:55,20,10,35,10
25:00:43-25:05:36,10,20,10,40,35,40
25:02:13-25:04:58,15,10,15,35
25:03:02-25:04:46,20,15,20,35
25:05:09-25:08:49,25,30,30,30,30,20,40,20,40,10
25:06:44-25:08:32,35,30,35,25,45,25
25:08:04-25:13:09,25,45,45,45,45,40
25:09:19-25:14:27,5,20,5,35
25:10:48-25:18:51,15,10,15,35
26:00:40-26:07:53,30,35,45,35
26:02:53-26:06:13,35,30,35,25,45,25
26:05:19-26:12:11,20,10,35,10
26:07:44-26:10:47,25,45,45,45,45,40
26:09:46-26:18:19,5,20,5,35
