01:00:43-01:09:07,5,20,5,35
01:01:51-01:08:51,20,15,20,35
01:03:37-01:09:21,30,35,45,35
01:05:10-01:05:50,25,30,30,30,30,20,40,20,40,10
01:07:09-01:12:34,35,30,35,25,45,25
01:08:44-01:10:36,25,45,45,45,45,40
01:10:47-01:19:34,10,20,10,40,35,40
02:00:22-02:08:17,15,10,15,35
02:01:36-02:04:04,30,35,45,35
02:03:29-02:05:33,25,30,30,30,30,20,40,20,40,10
02:05:11-02:14:44,20,10,35,10
02:06:34-02:06:53,10,20,10,40,35,40
02:07:31-02:13:35,5,20,5,35
02:09:38-02:17:02,15,10,15,35
02:10:54-02:16:46,20,15,20,35
03:00:35-03:01:22,30,35,45,35
03:01:50-03:10:56,35,30,35,25,45,25
03:03:19-03:09:20,20,10,35,10
03:04:34-03:05:30,25,45,45,45,45,40
03:06:20-03:06:41,10,20,10,40,35,40
03:07:32-03:07:47,15,10,15,35
03:09:24-03:11:45,30,35,45,35
03:10:43-03:19:34,25,30,30,30,30,20,40,20,40,10
04:00:32-04:00:54,20,10,35,10
04:01:21-04:09:25,25,45,45,45,45,40
04:02:45-04:03:57,5,20,5,35
04:04:32-04:08:09,20,15,20,35
04:05:23-04:08:43,30,35,45,35
04:06:44-04:11:14,35,30,35,25,45,25
04:08:26-04:08:54,25,45,45,45,45,40
04:09:55-04:10:54,5,20,5,35
04:10:51-04:13:37,20,15,20,35
05:00:28-05:07:24,30,35,45,35
05:01:58-05:09:08,25,30,30,30,30,20,40,20,40,10
05:03:06-05:04:49,35,30,35,25,45,25
05:04:29-05:13:28,20,10,35,10
05:05:49-05:13:27,10,20,10,40,35,40
05:07:01-05:09:13,15,10,15,35
05:08:13-05:10:35,30,35,45,35
05:09:45-05:11:51,25,30,30,30,30,20,40,20,40,10
05:11:13-05:15:58,35,30,35,25,45,25
06:00:03-06:03:34,25,45,45,45,45,40
06:01:47-06:08:27,10,20,10,40,35,40
06:03:13-06:04:57,15,10,15,35
06:04:29-06:06:47,30,35,45,35
06:05:39-06:13:34,25,30,30,30,30,20,40,20,40,10
06:06:43-06:12:25,20,10,35,10
06:08:10-06:11:13,10,20,10,40,35,40
06:09:29-06:11:01,5,20,5,35
06:11:01-06:17:26,15,10,15,35
07:00:17-07:02:54,30,35,45,35
07:01:54-07:06:37,25,30,30,30,30,20,40,20,40,10
07:02:43-07:08:15,35,30,35,25,45,25
07:04:32-07:12:48,20,10,35,10
07:05:35-07:05:55,10,20,10,40,35,40
07:07:16-07:16:48,5,20,5,35
07:08:33-07:14:25,20,15,20,35
07:09:38-07:18:17,25,30,30,30,30,20,40,20,40,10
07:10:45-07:13:54,20,10,35,10
08:00:45-08:05:53,10,20,10,40,35,40
08:02:42-08:07:56,15,10,15,35
08:04:01-08:10:13,30,35,45,35
08:06:55-08:12:19,35,30,35,25,45,25
08:08:52-08:17:06,25,45,45,45,45,40
08:10:28-08:14:26,10,20,10,40,35,40
09:00:28-09:05:08,5,20,5,35
09:02:24-09:10:08,20,15,20,35
09:04:00-09:13:06,25,30,30,30,30,20,40,20,40,10
09:05:17-09:07:05,20,10,35,10
09:07:15-09:16:22,10,20,10,40,35,40
09:09:06-09:15:08,5,20,5,35
09:10:28-09:15:33,15,10,15,35
10:00:34-10:05:46,20,15,20,35
10:02:10-10:07:22,30,35,45,35
10:03:05-10:12:00,25,30,30,30,30,20,40,20,40,10
10:05:02-10:05:11,20,10,35,10
10:06:27-10:07:58,25,45,45,45,45,40
10:07:46-10:11:39,5,20,5,35
10:09:01-10:17:25,20,15,20,35
10:10:34-10:19:02,25,30,30,30,30,20,40,20,40,10
11:00:02-11:04:06,35,30,35,25,45,25
11:02:08-11:08:48,25,45,45,45,45,40
11:04:05-11:12:23,5,20,5,35
11:05:30-11:09:23,20,15,20,35
11:07:25-11:10:27,30,35,45,35
11:08:34-11:12:18,25,30,30,30,30,20,40,20,40,10
11:10:53-11:19:53,20,10,35,10
12:00:10-12:02:18,10,20,10,40,35,40
12:02:58-12:07:52,15,10,15,35
12:05:45-12:06:29,30,35,45,35
12:07:20-12:10:09,35,30,35,25,45,25
12:09:41-12:18:29,20,10,35,10
13:00:32-13:02:35,10,20,10,40,35,40
13:01:46-13:06:39,5,20,5,35
13:02:57-13:10:24,15,10,15,35
13:04:30-13:09:17,30,35,45,35
13:05:40-13:06:34,35,30,35,25,45,25
13:06:48-13:06:54,20,10,35,10
13:08:24-13:17:09,10,20,10,40,35,40
13:09:36-13:10:26,5,20,5,35
13:11:09-13:19:55,20,15,20,35
14:00:08-14:03:48,25,30,30,30,30,20,40,20,40,10
14:02:54-14:10:24,35,30,35,25,45,25
14:05:10-14:10:34,25,45,45,45,45,40
14:07:52-14:14:31,10,20,10,40,35,40
14:09:50-14:14:57,15,10,15,35
15:00:12-15:07:04,30,35,45,35
15:03:01-15:04:21,25,30,30,30,30,20,40,20,40,10
15:05:24-15:14:40,35,30,35,25,45,25
15:07:32-15:16:14,25,45,45,45,45,40
15:09:51-15:13:11,5,20,5,35
16:00:34-16:02:06,20,15,20,35
16:02:50-16:06:29,30,35,45,35
16:05:20-16:13:28,35,30,35,25,45,25
16:07:33-16:08:06,20,10,35,10
16:09:40-16:12:52,10,20,10,40,35,40
17:00:22-17:06:51,5,20,5,35
17:01:46-17:07:45,20,15,20,35
17:03:13-17:04:54,25,30,30,30,30,20,40,20,40,10
17:04:19-17:05:27,20,10,35,10
17:05:43-17:11:05,25,45,45,45,45,40
17:06:45-17:07:11,5,20,5,35
17:08:13-17:16:45,15,10,15,35
17:09:57-17:12:54,30,35,45,35
17:11:10-17:15:00,25,30,30,30,30,20,40,20,40,10
18:00:43-18:09:44,20,10,35,10
18:02:26-18:03:26,25,45,45,45,45,40
18:04:13-18:11:57,5,20,5,35
18:05:36-18:10:40,20,15,20,35
18:07:12-18:12:48,25,30,30,30,30,20,40,20,40,10
18:09:14-18:10:30,20,10,35,10
18:10:54-18:12:07,10,20,10,40,35,40
19:00:24-19:01:22,15,10,15,35
19:01:59-19:09:49,30,35,45,35
19:03:35-19:10:18,35,30,35,25,45,25
19:05:28-19:08:44,25,45,45,45,45,40
19:07:12-19:12:52,5,20,5,35
19:08:51-19:17:52,15,10,15,35
19:10:24-19:18:51,20,15,20,35
20:00:54-20:05:43,25,30,30,30,30,20,40,20,40,10
20:03:01-20:10:13,35,30,35,25,45,25
20:05:37-20:08:11,25,45,45,45,45,40
20:07:58-20:11:26,10,20,10,40,35,40
20:10:30-20:10:47,15,10,15,35
21:00:26-21:01:39,20,15,20,35
21:01:52-21:08:08,30,35,45,35
21:03:57-21:11:46,25,30,30,30,30,20,40,20,40,10
21:05:14-21:13:43,35,30,35,25,45,25
21:07:20-21:12:31,25,45,45,45,45,40
21:09:13-21:15:49,5,20,5,35
21:10:58-21:15:33,20,15,20,35
22:00:36-22:06:21,30,35,45,35
22:02:29-22:03:01,25,30,30,30,30,20,40,20,40,10
22:04:59-22:13:24,35,30,35,25,45,25
22:06:17-22:13:56,25,45,45,45,45,40
22:08:00-22:09:32,10,20,10,40,35,40
22:10:57-22:14:01,5,20,5,35
23:00:30-23:08:41,20,15,20,35
23:01:49-23:02:01,25,30,30,30,30,20,40,20,40,10
23:02:42-23:11:40,20,10,35,10
23:04:06-23:06:06,25,45,45,45,45,40
23:05:41-23:06:56,10,20,10,40,35,40
23:07:11-23:16:22,15,10,15,35
23:08:11-23:08:27,30,35,45,35
23:09:58-23:15:56,35,30,35,25,45,25
23:11:15-23:16:46,20,10,35,10
24:00:24-24:00:39,25,45,45,45,45,40
24:03:17-24:08:26,5,20,5,35
24:05:47-24:13:03,20,15,20,35
24:08:01-24:08:58,30,35,45,35
24:10:43-24:15:11,35,30,35,25,45,25
25:00:28-25:00:43,25,45,45,45,45,40
25:01:47-25:09:55,10,20,10,40,35,40
25:03:14-25:05:40,15,10,15,35
25:04:47-25:13:59,30,35,45,35
25:06:00-25:15:11,25,30,30,30,30,20,40,20,40,10
25:07:54-25:14:45,35,30,35,25,45,25
25:09:08-25:17:49,25,45,45,45,45,40
25:10:33-25:17:41,10,20,10,40,35,40
26:00:33-26:01:21,5,20,5,35
26:01:43-26:04:52,15,10,15,35
26:03:24-26:11:17,20,15,20,35
26:05:31-26:06:30,25,30,30,30,30,20,40,20,40,10
26:07:22-26:08:08,35,30,35,25,45,25
26:08:45-26:12:32,25,45,45,45,45,40
26:11:00-26:19:29,10,20,10,40,35,40
