01:00:17-01:02:19,5,20,5,35
01:02:01-01:06:55,20,15,20,35
01:03:38-01:06:56,25,30,30,30,30,20,40,20,40,10
01:05:08-01:11:40,20,10,35,10
01:07:27-01:12:46,25,45,45,45,45,40
01:09:10-01:09:16,5,20,5,35
01:10:23-01:17:22,15,10,15,35
02:00:29-02:02:45,30,35,45,35
02:01:41-02:09:06,25,30,30,30,30,20,40,20,40,10
02:03:16-02:09:16,20,10,35,10
02:04:03-02:09:25,10,20,10,40,35,40
02:05:25-02:10:55,15,10,15,35
02:07:01-02:15:57,20,15,20,35
02:08:06-02:17:18,30,35,45,35
02:09:21-02:11:37,35,30,35,25,45,25
02:11:00-02:13:12,25,45,45,45,45,40
03:00:24-03:05:58,5,20,5,35
03:02:12-03:10:35,20,15,20,35
03:03:04-03:12:12,30,35,45,35
03:04:40-03:07:50,35,30,35,25,45,25
03:06:35-03:08:44,25,45,45,45,45,40
03:07:32-03:10:16,5,20,5,35
03:09:09-03:12:42,20,15,20,35
03:10:49-03:20:21,30,35,45,35
04:00:03-04:06:44,25,30,30,30,30,20,40,20,40,10
04:03:08-04:09:21,20,10,35,10
04:05:09-04:13:14,10,20,10,40,35,40
04:07:24-04:10:45,5,20,5,35
04:10:04-04:12:29,20,15,20,35
05:00:20-05:04:16,30,35,45,35
05:01:53-05:11:17,25,30,30,30,30,20,40,20,40,10
05:03:35-05:09:33,35,30,35,25,45,25
05:04:38-05:06:06,25,45,45,45,45,40
05:06:44-05:15:21,5,20,5,35
05:08:10-05:15:27,15,10,15,35
05:09:25-05:16:43,20,15,20,35
05:10:49-05:19:01,25,30,30,30,30,20,40,20,40,10
06:00:09-06:02:33,35,30,35,25,45,25
06:01:56-06:02:52,25,45,45,45,45,40
06:03:51-06:09:31,10,20,10,40,35,40
06:05:40-06:09:20,5,20,5,35
06:07:02-06:16:37,20,15,20,35
06:09:07-06:13:06,30,35,45,35
06:10:44-06:18:20,35,30,35,25,45,25
07:00:33-07:05:39,20,10,35,10
07:01:42-07:01:46,25,45,45,45,45,40
07:02:40-07:03:01,10,20,10,40,35,40
07:04:23-07:11:09,15,10,15,35
07:05:58-07:07:15,20,15,20,35
07:07:18-07:12:58,25,30,30,30,30,20,40,20,40,10
07:08:13-07:13:21,20,10,35,10
07:09:20-07:16:05,25,45,45,45,45,40
07:11:11-07:11:55,10,20,10,40,35,40
08:00:09-08:09:17,5,20,5,35
08:01:49-08:11:21,15,10,15,35
08:03:18-08:06:14,20,15,20,35
08:04:30-08:04:46,25,30,30,30,30,20,40,20,40,10
08:05:31-08:10:59,35,30,35,25,45,25
08:06:48-08:15:48,25,45,45,45,45,40
08:08:27-08:11:30,5,20,5,35
08:09:54-08:11:01,20,15,20,35
08:10:45-08:17:58,30,35,45,35
09:00:14-09:00:42,25,30,30,30,30,20,40,20,40,10
09:01:47-09:02:47,35,30,35,25,45,25
09:02:40-09:11:36,20,10,35,10
09:04:11-09:07:04,25,45,45,45,45,40
09:05:48-09:12:09,5,20,5,35
09:06:59-09:11:38,15,10,15,35
09:08:13-09:09:07,20,15,20,35
09:09:54-09:17:00,30,35,45,35
09:10:52-09:11:57,35,30,35,25,45,25
10:00:29-10:04:33,20,10,35,10
10:01:43-10:05:38,25,45,45,45,45,40
10:03:28-10:05:58,5,20,5,35
10:05:43-10:11:11,15,10,15,35
10:06:48-10:14:04,30,35,45,35
10:09:05-10:16:14,35,30,35,25,45,25
10:10:13-10:13:38,25,45,45,45,45,40
11:00:07-11:04:35,10,20,10,40,35,40
11:01:40-11:02:34,5,20,5,35
11:03:20-11:11:24,15,10,15,35
11:05:02-11:09:10,30,35,45,35
11:06:32-11:11:22,35,30,35,25,45,25
11:07:49-11:16:33,20,10,35,10
11:09:30-11:10:30,10,20,10,40,35,40
11:10:47-11:12:51,15,10,15,35
12:00:04-12:09:38,20,15,20,35
12:02:05-12:11:16,30,35,45,35
12:03:24-12:10:53,25,30,30,30,30,20,40,20,40,10
12:05:25-12:14:50,35,30,35,25,45,25
12:07:11-12:16:27,25,45,45,45,45,40
12:09:13-12:18:27,10,20,10,40,35,40
12:10:22-12:14:46,15,10,15,35
13:00:14-13:06:42,20,15,20,35
13:02:15-13:09:50,30,35,45,35
13:04:52-13:09:25,25,30,30,30,30,20,40,20,40,10
13:06:02-13:10:12,20,10,35,10
13:08:04-13:09:16,10,20,10,40,35,40
13:10:22-13:16:59,15,10,15,35
14:01:05-14:03:30,20,15,20,35
14:02:32-14:11:20,25,30,30,30,30,20,40,20,40,10
14:04:57-14:05:57,35,30,35,25,45,25
14:07:39-14:11:35,25,45,45,45,45,40
14:10:29-14:19:02,5,20,5,35
15:00:04-15:07:48,20,15,20,35
15:02:14-15:03:43,25,30,30,30,30,20,40,20,40,10
15:03:07-15:09:31,20,10,35,10
15:04:45-15:06:29,25,45,45,45,45,40
15:06:44-15:09:10,10,20,10,40,35,40
15:07:42-15:07:57,15,10,15,35
15:09:24-15:17:10,20,15,20,35
15:10:51-15:13:39,25,30,30,30,30,20,40,20,40,10
16:00:10-16:02:08,20,10,35,10
16:02:29-16:09:14,10,20,10,40,35,40
16:03:40-16:09:16,15,10,15,35
16:05:23-16:07:23,30,35,45,35
16:06:52-16:08:45,35,30,35,25,45,25
16:08:42-16:11:40,20,10,35,10
16:10:57-16:13:53,10,20,10,40,35,40
17:00:33-17:10:05,5,20,5,35
17:01:46-17:03:40,15,10,15,35
17:03:20-17:09:55,20,15,20,35
17:04:59-17:08:50,25,30,30,30,30,20,40,20,40,10
17:06:33-17:10:28,20,10,35,10
17:07:44-17:10:17,10,20,10,40,35,40
17:09:14-17:11:10,5,20,5,35
17:11:01-17:16:53,20,15,20,35
18:00:04-18:04:04,25,30,30,30,30,20,40,20,40,10
18:01:50-18:04:42,20,10,35,10
18:02:56-18:07:06,10,20,10,40,35,40
18:04:09-18:13:44,5,20,5,35
18:05:46-18:06:32,15,10,15,35
18:07:19-18:12:17,30,35,45,35
18:08:18-18:14:17,35,30,35,25,45,25
18:09:20-18:13:45,20,10,35,10
18:11:10-18:12:27,25,45,45,45,45,40
19:00:21-19:09:26,10,20,10,40,35,40
19:01:59-19:04:31,15,10,15,35
19:03:04-19:10:27,20,15,20,35
19:04:52-19:06:00,30,35,45,35
19:06:01-19:12:38,35,30,35,25,45,25
19:08:12-19:12:56,25,45,45,45,45,40
19:09:03-19:18:11,10,20,10,40,35,40
19:10:52-19:16:42,15,10,15,35
20:00:15-20:04:19,20,15,20,35
20:01:46-20:07:13,25,30,30,30,30,20,40,20,40,10
20:03:29-20:12:22,35,30,35,25,45,25
20:04:41-20:07:22,25,45,45,45,45,40
20:06:21-20:07:45,10,20,10,40,35,40
20:07:34-20:16:20,5,20,5,35
20:09:05-20:12:04,15,10,15,35
20:10:42-20:20:03,30,35,45,35
21:00:26-21:07:15,35,30,35,25,45,25
21:02:47-21:10:48,20,10,35,10
21:04:18-21:07:15,10,20,10,40,35,40
21:06:06-21:08:28,15,10,15,35
21:08:13-21:11:40,20,15,20,35
21:10:43-21:12:03,25,30,30,30,30,20,40,20,40,10
22:00:03-22:09:11,35,30,35,25,45,25
22:03:22-22:08:23,25,45,45,45,45,40
22:05:04-22:10:27,5,20,5,35
22:08:05-22:09:17,20,15,20,35
22:10:44-22:19:24,25,30,30,30,30,20,40,20,40,10
23:00:46-23:01:04,35,30,35,25,45,25
23:02:11-23:05:59,20,10,35,10
23:04:44-23:12:13,10,20,10,40,35,40
23:06:33-23:12:47,15,10,15,35
23:08:20-23:12:10,20,15,20,35
23:10:49-23:19:38,30,35,45,35
24:00:09-24:03:09,35,30,35,25,45,25
24:01:50-24:02:09,20,10,35,10
24:04:08-24:07:20,10,20,10,40,35,40
24:05:50-24:11:58,5,20,5,35
24:07:29-24:08:14,15,10,15,35
24:08:57-24:16:17,30,35,45,35
24:10:28-24:19:26,25,30,30,30,30,20,40,20,40,10
25:00:20-25:03:33,35,30,35,25,45,25
25:03:05-25:10:49,25,45,45,45,45,40
25:05:51-25:14:34,5,20,5,35
25:08:04-25:10:35,20,15,20,35
25:09:39-25:10:32,25,30,30,30,30,20,40,20,40,10
26:00:47-26:02:48,20,10,35,10
26:02:51-26:04:55,10,20,10,40,35,40
26:04:31-26:08:09,15,10,15,35
26:06:04-26:14:57,20,15,20,35
26:08:54-26:12:23,25,30,30,30,30,20,40,20,40,10
26:10:28-26:10:29,20,10,35,10
