01:00:41-01:04:38,10,20,10,40,35,40
01:02:53-01:10:40,5,20,5,35
01:04:52-01:14:27,15,10,15,35
01:06:04-01:06:06,30,35,45,35
01:08:10-01:08:30,25,30,30,30,30,20,40,20,40,10
01:10:20-01:11:49,35,30,35,25,45,25
02:00:46-02:02:11,20,10,35,10
02:01:46-02:09:53,25,45,45,45,45,40
02:03:25-02:12:41,5,20,5,35
02:05:45-02:07:02,20,15,20,35
02:07:27-02:13:09,25,30,30,30,30,20,40,20,40,10
02:09:11-02:10:25,35,30,35,25,45,25
02:10:14-02:15:41,25,45,45,45,45,40
03:00:34-03:02:48,5,20,5,35
03:02:30-03:11:55,15,10,15,35
03:04:52-03:13:14,30,35,45,35
03:07:41-03:15:52,25,30,30,30,30,20,40,20,40,10
03:10:29-03:11:13,20,10,35,10
04:00:11-04:01:13,25,45,45,45,45,40
04:02:17-04:02:30,10,20,10,40,35,40
04:03:52-04:10:00,5,20,5,35
04:05:41-04:11:50,15,10,15,35
04:07:05-04:08:42,20,15,20,35
04:09:04-04:12:26,25,30,30,30,30,20,40,20,40,10
04:10:32-04:17:16,35,30,35,25,45,25
05:00:07-05:02:23,25,45,45,45,45,40
05:01:55-05:10:25,10,20,10,40,35,40
05:03:16-05:07:03,5,20,5,35
05:04:44-05:13:09,20,15,20,35
05:06:01-05:15:16,30,35,45,35
05:07:35-05:15:35,25,30,30,30,30,20,40,20,40,10
05:09:25-05:09:54,20,10,35,10
05:10:40-05:16:40,10,20,10,40,35,40
06:00:39-06:07:57,15,10,15,35
06:01:57-06:06:02,30,35,45,35
06:03:46-06:12:02,35,30,35,25,45,25
06:05:10-06:10:38,25,45,45,45,45,40
06:07:25-06:12:05,10,20,10,40,35,40
06:09:20-06:09:53,5,20,5,35
06:10:22-06:16:02,15,10,15,35
07:01:05-07:06:49,30,35,45,35
07:02:38-07:02:46,25,30,30,30,30,20,40,20,40,10
07:05:58-07:14:18,35,30,35,25,45,25
07:08:14-07:09:07,20,10,35,10
07:10:33-07:16:09,10,20,10,40,35,40
08:00:43-08:06:35,5,20,5,35
08:02:50-08:03:30,20,15,20,35
08:04:34-08:11:35,30,35,45,35
08:06:57-08:10:09,25,30,30,30,30,20,40,20,40,10
08:08:31-08:09:35,20,10,35,10
08:10:30-08:13:56,25,45,45,45,45,40
09:00:30-09:06:00,10,20,10,40,35,40
09:01:53-09:10:17,15,10,15,35
09:03:38-09:07:33,20,15,20,35
09:05:35-09:09:43,30,35,45,35
09:06:52-09:13:15,25,30,30,30,30,20,40,20,40,10
09:08:50-09:10:14,35,30,35,25,45,25
09:11:00-09:11:28,20,10,35,10
10:00:06-10:02:10,25,45,45,45,45,40
10:01:20-10:08:45,5,20,5,35
10:03:12-10:05:58,15,10,15,35
10:04:38-10:07:05,30,35,45,35
10:05:56-10:10:41,35,30,35,25,45,25
10:07:11-10:11:03,20,10,35,10
10:08:08-10:13:16,25,45,45,45,45,40
10:09:53-10:15:05,10,20,10,40,35,40
10:11:19-10:17:52,5,20,5,35
11:01:09-11:01:16,20,15,20,35
11:03:30-11:11:25,30,35,45,35
11:04:54-11:11:39,25,30,30,30,30,20,40,20,40,10
11:07:59-11:09:43,20,10,35,10
11:10:02-11:18:58,25,45,45,45,45,40
12:00:58-12:02:04,5,20,5,35
12:02:48-12:04:05,20,15,20,35
12:05:12-12:09:11,30,35,45,35
12:07:30-12:14:22,25,30,30,30,30,20,40,20,40,10
12:10:04-12:11:52,20,10,35,10
13:00:00-13:06:42,10,20,10,40,35,40
13:02:58-13:11:38,5,20,5,35
13:04:19-13:06:51,15,10,15,35
13:06:51-13:10:51,30,35,45,35
13:08:33-13:18:06,35,30,35,25,45,25
13:10:54-13:17:23,20,10,35,10
14:00:12-14:05:51,25,45,45,45,45,40
14:01:24-14:09:45,10,20,10,40,35,40
14:02:53-14:08:38,5,20,5,35
14:04:22-14:07:25,20,15,20,35
14:05:54-14:14:52,25,30,30,30,30,20,40,20,40,10
14:07:02-14:16:26,20,10,35,10
14:08:03-14:08:51,25,45,45,45,45,40
14:09:43-14:19:11,10,20,10,40,35,40
14:11:18-14:18:57,15,10,15,35
15:00:11-15:04:33,20,15,20,35
15:02:07-15:07:29,30,35,45,35
15:03:01-15:10:01,25,30,30,30,30,20,40,20,40,10
15:05:14-15:11:36,20,10,35,10
15:06:41-15:07:45,10,20,10,40,35,40
15:07:54-15:09:03,15,10,15,35
15:09:26-15:14:03,20,15,20,35
15:10:39-15:12:36,30,35,45,35
16:00:05-16:08:04,25,30,30,30,30,20,40,20,40,10
16:01:41-16:04:39,35,30,35,25,45,25
16:03:28-16:10:57,25,45,45,45,45,40
16:04:37-16:05:15,10,20,10,40,35,40
16:06:21-16:11:34,15,10,15,35
16:07:53-16:12:59,30,35,45,35
16:09:42-16:18:05,25,30,30,30,30,20,40,20,40,10
16:10:48-16:17:42,35,30,35,25,45,25
17:00:39-17:09:58,20,10,35,10
17:02:25-17:07:55,10,20,10,40,35,40
17:04:10-17:10:56,5,20,5,35
17:05:07-17:13:24,15,10,15,35
17:07:02-17:07:21,20,15,20,35
17:09:01-17:13:39,30,35,45,35
17:10:36-17:11:35,35,30,35,25,45,25
18:00:24-18:09:32,25,45,45,45,45,40
18:01:44-18:09:08,5,20,5,35
18:03:48-18:09:30,20,15,20,35
18:05:22-18:09:46,30,35,45,35
18:07:07-18:11:41,35,30,35,25,45,25
18:08:47-18:14:40,25,45,45,45,45,40
18:10:33-18:16:29,10,20,10,40,35,40
19:00:46-19:09:06,15,10,15,35
19:02:42-19:10:12,30,35,45,35
19:05:03-19:08:02,25,30,30,30,30,20,40,20,40,10
19:07:53-19:17:06,35,30,35,25,45,25
19:10:29-19:13:49,25,45,45,45,45,40
20:00:13-20:01:13,10,20,10,40,35,40
20:01:55-20:06:03,15,10,15,35
20:03:43-20:09:51,20,15,20,35
20:04:53-20:14:06,25,30,30,30,30,20,40,20,40,10
20:06:19-20:09:51,35,30,35,25,45,25
20:07:37-20:10:58,20,10,35,10
20:09:15-20:15:40,25,45,45,45,45,40
20:10:37-20:11:22,5,20,5,35
21:00:56-21:07:11,20,15,20,35
21:02:58-21:08:26,25,30,30,30,30,20,40,20,40,10
21:04:52-21:12:12,20,10,35,10
21:08:19-21:13:51,10,20,10,40,35,40
21:10:33-21:11:01,5,20,5,35
22:00:09-22:08:58,15,10,15,35
22:02:03-22:02:03,20,15,20,35
22:03:56-22:07:16,25,30,30,30,30,20,40,20,40,10
22:05:36-22:06:56,35,30,35,25,45,25
22:07:23-22:13:30,25,45,45,45,45,40
22:08:57-22:12:01,5,20,5,35
22:11:01-22:17:40,20,15,20,35
23:00:16-23:01:42,30,35,45,35
23:01:58-23:04:39,25,30,30,30,30,20,40,20,40,10
23:03:00-23:11:00,20,10,35,10
23:04:24-23:05:04,25,45,45,45,45,40
23:05:51-23:06:39,5,20,5,35
23:07:01-23:14:45,15,10,15,35
23:08:29-23:12:03,20,15,20,35
23:09:59-23:12:19,25,30,30,30,30,20,40,20,40,10
23:10:48-23:18:09,20,10,35,10
24:01:10-24:10:07,10,20,10,40,35,40
24:02:59-24:03:18,5,20,5,35
24:05:01-24:10:34,20,15,20,35
24:07:32-24:14:40,30,35,45,35
24:09:52-24:10:31,35,30,35,25,45,25
25:00:29-25:01:33,20,10,35,10
25:02:05-25:04:52,25,45,45,45,45,40
25:03:47-25:10:16,5,20,5,35
25:05:14-25:12:02,15,10,15,35
25:07:07-25:09:42,30,35,45,35
25:08:56-25:11:48,35,30,35,25,45,25
25:10:33-25:15:20,20,10,35,10
26:00:07-26:06:27,25,45,45,45,45,40
26:02:05-26:11:07,5,20,5,35
26:03:19-26:10:07,15,10,15,35
26:05:03-26:09:09,30,35,45,35
26:06:26-26:14:10,35,30,35,25,45,25
26:08:10-26:10:27,25,45,45,45,45,40
26:09:21-26:11:25,5,20,5,35
26:10:32-26:18:45,15,10,15,35
