01:00:38-01:07:04,10,20,10,40,35,40
01:01:36-01:05:11,5,20,5,35
01:03:36-01:09:21,15,10,15,35
01:05:05-01:07:05,20,15,20,35
01:06:00-01:14:13,30,35,45,35
01:07:31-01:16:35,35,30,35,25,45,25
01:09:05-01:10:09,20,10,35,10
01:10:55-01:17:04,25,45,45,45,45,40
02:00:14-02:07:48,10,20,10,40,35,40
02:01:29-02:05:49,15,10,15,35
02:02:52-02:07:24,20,15,20,35
02:04:15-02:08:52,30,35,45,35
02:05:36-02:11:57,25,30,30,30,30,20,40,20,40,10
02:06:53-02:16:21,35,30,35,25,45,25
02:08:21-02:14:03,25,45,45,45,45,40
02:09:32-02:15:36,10,20,10,40,35,40
02:11:10-02:11:18,5,20,5,35
03:00:34-03:06:24,15,10,15,35
03:01:36-03:01:45,20,15,20,35
03:03:36-03:11:07,25,30,30,30,30,20,40,20,40,10
03:04:30-03:11:55,35,30,35,25,45,25
03:06:30-03:13:28,20,10,35,10
03:07:33-03:09:53,25,45,45,45,45,40
03:09:19-03:11:57,10,20,10,40,35,40
03:10:32-03:18:07,15,10,15,35
04:00:36-04:01:34,30,35,45,35
04:02:22-04:11:24,35,30,35,25,45,25
04:04:01-04:08:16,20,10,35,10
04:05:29-04:10:15,25,45,45,45,45,40
04:06:59-04:14:23,10,20,10,40,35,40
04:09:18-04:15:35,15,10,15,35
04:10:38-04:15:25,20,15,20,35
05:00:10-05:05:47,30,35,45,35
05:02:01-05:10:35,25,30,30,30,30,20,40,20,40,10
05:03:59-05:09:58,35,30,35,25,45,25
05:05:08-05:08:28,25,45,45,45,45,40
05:07:03-05:09:46,10,20,10,40,35,40
05:08:45-05:14:26,5,20,5,35
05:10:57-05:13:48,15,10,15,35
06:00:09-06:08:37,30,35,45,35
06:02:40-06:02:52,25,30,30,30,30,20,40,20,40,10
06:04:08-06:11:08,20,10,35,10
06:06:27-06:09:31,10,20,10,40,35,40
06:08:12-06:16:28,5,20,5,35
06:10:37-06:17:43,15,10,15,35
07:00:04-07:07:02,20,15,20,35
07:01:47-07:07:49,30,35,45,35
07:02:45-07:05:33,25,30,30,30,30,20,40,20,40,10
07:04:36-07:10:13,20,10,35,10
07:05:44-07:11:41,10,20,10,40,35,40
07:06:44-07:10:45,15,10,15,35
07:08:05-07:10:13,20,15,20,35
07:09:21-07:14:37,30,35,45,35
07:11:12-07:19:54,35,30,35,25,45,25
08:00:28-08:05:02,20,10,35,10
08:01:42-08:03:39,10,20,10,40,35,40
08:02:52-08:05:00,15,10,15,35
08:04:01-08:12:25,30,35,45,35
08:05:37-08:06:20,25,30,30,30,30,20,40,20,40,10
08:06:51-08:15:03,20,10,35,10
08:08:15-08:16:26,10,20,10,40,35,40
08:09:49-08:12:13,5,20,5,35
08:11:01-08:15:55,15,10,15,35
09:00:02-09:08:26,20,15,20,35
09:02:13-09:08:01,25,30,30,30,30,20,40,20,40,10
09:03:02-09:07:09,20,10,35,10
09:05:00-09:14:23,25,45,45,45,45,40
09:06:01-09:09:13,10,20,10,40,35,40
09:07:59-09:13:38,5,20,5,35
09:09:06-09:16:06,20,15,20,35
09:11:07-09:20:19,30,35,45,35
10:00:38-10:09:19,35,30,35,25,45,25
10:02:32-10:03:16,25,45,45,45,45,40
10:05:15-10:14:49,5,20,5,35
10:07:30-10:09:59,15,10,15,35
10:09:45-10:14:43,20,15,20,35
11:00:37-11:02:13,30,35,45,35
11:01:32-11:04:00,35,30,35,25,45,25
11:03:19-11:12:38,25,45,45,45,45,40
11:04:05-11:12:45,10,20,10,40,35,40
11:05:48-11:09:02,5,20,5,35
11:07:14-11:15:22,15,10,15,35
11:08:18-11:17:20,20,15,20,35
11:09:25-11:15:11,25,30,30,30,30,20,40,20,40,10
11:10:42-11:13:38,35,30,35,25,45,25
12:00:04-12:02:48,20,10,35,10
12:01:57-12:03:21,10,20,10,40,35,40
12:03:24-12:12:48,15,10,15,35
12:04:49-12:05:23,20,15,20,35
12:06:07-12:10:30,30,35,45,35
12:07:47-12:10:32,25,30,30,30,30,20,40,20,40,10
12:09:39-12:14:49,35,30,35,25,45,25
12:10:37-12:19:43,25,45,45,45,45,40
13:00:25-13:02:14,10,20,10,40,35,40
13:01:55-13:06:39,15,10,15,35
13:03:17-13:10:13,20,15,20,35
13:04:30-13:12:31,25,30,30,30,30,20,40,20,40,10
13:05:43-13:06:34,35,30,35,25,45,25
13:06:50-13:07:13,20,10,35,10
13:08:35-13:11:19,25,45,45,45,45,40
13:09:55-13:11:23,10,20,10,40,35,40
13:11:16-13:11:48,5,20,5,35
14:00:00-14:06:12,20,15,20,35
14:02:00-14:07:26,25,30,30,30,30,20,40,20,40,10
14:04:09-14:10:00,20,10,35,10
14:05:19-14:06:18,10,20,10,40,35,40
14:07:23-14:16:48,15,10,15,35
14:08:52-14:17:58,20,15,20,35
14:10:41-14:12:39,30,35,45,35
15:00:31-15:02:55,35,30,35,25,45,25
15:01:47-15:06:44,25,45,45,45,45,40
15:03:03-15:10:35,5,20,5,35
15:04:28-15:09:20,20,15,20,35
15:05:55-15:07:05,30,35,45,35
15:07:11-15:09:46,35,30,35,25,45,25
15:08:31-15:17:06,25,45,45,45,45,40
15:09:56-15:17:08,5,20,5,35
15:10:59-15:13:47,20,15,20,35
16:00:17-16:06:02,30,35,45,35
16:02:46-16:08:47,25,30,30,30,30,20,40,20,40,10
16:04:11-16:13:18,35,30,35,25,45,25
16:06:04-16:07:59,25,45,45,45,45,40
16:08:05-16:15:18,5,20,5,35
16:10:04-16:11:55,20,15,20,35
17:01:02-17:08:18,30,35,45,35
17:02:57-17:04:35,35,30,35,25,45,25
17:05:34-17:13:34,25,45,45,45,45,40
17:07:18-17:15:24,5,20,5,35
17:10:19-17:17:03,20,15,20,35
18:00:58-18:07:46,25,30,30,30,30,20,40,20,40,10
18:02:24-18:06:00,35,30,35,25,45,25
18:05:08-18:10:32,20,10,35,10
18:08:03-18:09:17,25,45,45,45,45,40
18:10:20-18:18:58,5,20,5,35
19:00:04-19:06:34,20,15,20,35
19:01:55-19:05:36,25,30,30,30,30,20,40,20,40,10
19:03:05-19:06:25,20,10,35,10
19:04:07-19:06:11,10,20,10,40,35,40
19:05:28-19:10:33,5,20,5,35
19:06:44-19:14:55,15,10,15,35
19:08:00-19:13:32,30,35,45,35
19:09:46-19:10:10,25,30,30,30,30,20,40,20,40,10
19:10:54-19:17:05,20,10,35,10
20:00:40-20:08:36,25,45,45,45,45,40
20:02:04-20:08:48,5,20,5,35
20:03:08-20:08:41,15,10,15,35
20:05:01-20:13:49,20,15,20,35
20:06:01-20:14:09,30,35,45,35
20:08:06-20:15:46,35,30,35,25,45,25
20:09:42-20:17:30,20,10,35,10
20:11:02-20:20:09,10,20,10,40,35,40
21:00:00-21:05:49,15,10,15,35
21:01:39-21:03:47,20,15,20,35
21:03:06-21:03:55,25,30,30,30,30,20,40,20,40,10
21:04:00-21:13:11,20,10,35,10
21:05:37-21:09:49,10,20,10,40,35,40
21:07:11-21:08:40,15,10,15,35
21:08:37-21:17:17,20,15,20,35
21:09:46-21:13:48,30,35,45,35
21:11:00-21:18:39,35,30,35,25,45,25
22:00:05-22:03:57,20,10,35,10
22:01:35-22:05:58,25,45,45,45,45,40
22:03:13-22:04:12,10,20,10,40,35,40
22:04:17-22:12:07,5,20,5,35
22:05:34-22:11:30,20,15,20,35
22:07:16-22:15:00,25,30,30,30,30,20,40,20,40,10
22:08:30-22:09:58,35,30,35,25,45,25
22:09:54-22:15:57,20,10,35,10
22:11:14-22:18:28,25,45,45,45,45,40
23:00:12-23:06:24,10,20,10,40,35,40
23:02:35-23:07:23,5,20,5,35
23:04:35-23:10:41,20,15,20,35
23:06:09-23:13:31,30,35,45,35
23:08:07-23:11:19,25,30,30,30,30,20,40,20,40,10
23:10:50-23:16:04,20,10,35,10
24:00:27-24:05:47,25,45,45,45,45,40
24:01:54-24:08:05,5,20,5,35
24:03:23-24:12:03,20,15,20,35
24:05:06-24:14:24,30,35,45,35
24:06:13-24:08:36,35,30,35,25,45,25
24:07:35-24:11:29,25,45,45,45,45,40
24:09:36-24:15:16,10,20,10,40,35,40
24:11:08-24:18:20,5,20,5,35
25:00:00-25:01:44,15,10,15,35
25:01:34-25:06:58,20,15,20,35
25:03:18-25:12:26,30,35,45,35
25:04:51-25:08:59,35,30,35,25,45,25
25:06:19-25:12:31,25,45,45,45,45,40
25:08:06-25:08:43,5,20,5,35
25:09:04-25:10:47,20,15,20,35
25:11:08-25:18:13,25,30,30,30,30,20,40,20,40,10
26:00:10-26:07:38,35,30,35,25,45,25
26:02:04-26:06:03,20,10,35,10
26:04:19-26:10:10,10,20,10,40,35,40
26:06:00-26:15:32,15,10,15,35
26:08:09-26:09:03,20,15,20,35
26:10:44-26:11:24,25,30,30,30,30,20,40,20,40,10
