01:00:13-01:01:42,5,20,5,35
01:02:05-01:02:45,15,10,15,35
01:04:00-01:10:13,30,35,45,35
01:06:20-01:08:42,25,30,30,30,30,20,40,20,40,10
01:08:13-01:16:17,35,30,35,25,45,25
01:10:31-01:19:15,25,45,45,45,45,40
02:00:31-02:06:13,10,20,10,40,35,40
02:02:41-02:06:37,5,20,5,35
02:04:55-02:11:15,20,15,20,35
02:07:15-02:10:37,25,30,30,30,30,20,40,20,40,10
02:10:17-02:11:32,20,10,35,10
03:00:49-03:07:22,10,20,10,40,35,40
03:02:37-03:05:42,5,20,5,35
03:04:55-03:09:35,15,10,15,35
03:06:58-03:14:06,30,35,45,35
03:08:31-03:13:57,25,30,30,30,30,20,40,20,40,10
03:10:31-03:11:15,35,30,35,25,45,25
04:00:44-04:02:51,20,10,35,10
04:02:11-04:06:08,25,45,45,45,45,40
04:03:36-04:09:21,10,20,10,40,35,40
04:05:00-04:08:52,15,10,15,35
04:06:40-04:07:05,20,15,20,35
04:07:39-04:10:43,30,35,45,35
04:09:30-04:16:19,35,30,35,25,45,25
04:10:39-04:19:47,25,45,45,45,45,40
05:00:32-05:04:26,5,20,5,35
05:01:39-05:06:03,20,15,20,35
05:02:44-05:03:01,25,30,30,30,30,20,40,20,40,10
05:04:11-05:11:55,20,10,35,10
05:05:55-05:07:54,25,45,45,45,45,40
05:06:52-05:15:41,10,20,10,40,35,40
05:08:17-05:14:55,15,10,15,35
05:09:37-05:17:35,20,15,20,35
05:10:55-05:17:23,30,35,45,35
06:00:46-06:07:49,35,30,35,25,45,25
06:02:01-06:02:53,20,10,35,10
06:04:00-06:10:49,25,45,45,45,45,40
06:06:20-06:13:25,5,20,5,35
06:08:11-06:11:41,15,10,15,35
06:10:23-06:15:07,30,35,45,35
07:00:18-07:08:58,35,30,35,25,45,25
07:02:04-07:09:19,20,10,35,10
07:04:44-07:07:59,10,20,10,40,35,40
07:06:32-07:06:44,15,10,15,35
07:08:36-07:17:25,20,15,20,35
07:10:44-07:11:48,30,35,45,35
08:00:44-08:03:40,35,30,35,25,45,25
08:02:11-08:09:06,20,10,35,10
08:04:11-08:13:39,10,20,10,40,35,40
08:05:42-08:13:32,5,20,5,35
08:07:38-08:07:53,15,10,15,35
08:08:39-08:16:58,20,15,20,35
08:10:57-08:14:13,30,35,45,35
09:00:09-09:08:14,35,30,35,25,45,25
09:03:15-09:10:55,20,10,35,10
09:04:54-09:11:22,25,45,45,45,45,40
09:07:35-09:15:25,10,20,10,40,35,40
09:10:00-09:14:30,5,20,5,35
10:00:13-10:07:52,20,15,20,35
10:01:21-10:05:17,25,30,30,30,30,20,40,20,40,10
10:03:06-10:11:06,35,30,35,25,45,25
10:04:28-10:06:44,20,10,35,10
10:05:52-10:08:32,25,45,45,45,45,40
10:06:52-10:09:45,5,20,5,35
10:08:07-10:16:47,20,15,20,35
10:09:58-10:18:07,30,35,45,35
10:11:18-10:17:18,25,30,30,30,30,20,40,20,40,10
11:00:37-11:07:22,35,30,35,25,45,25
11:02:57-11:05:37,25,45,45,45,45,40
11:04:17-11:08:55,5,20,5,35
11:06:28-11:08:32,20,15,20,35
11:08:52-11:13:44,30,35,45,35
11:10:27-11:18:03,35,30,35,25,45,25
12:00:11-12:03:22,25,45,45,45,45,40
12:01:51-12:02:04,10,20,10,40,35,40
12:03:16-12:05:33,5,20,5,35
12:04:52-12:08:44,20,15,20,35
12:06:04-12:09:21,25,30,30,30,30,20,40,20,40,10
12:07:46-12:10:02,35,30,35,25,45,25
12:09:28-12:18:03,25,45,45,45,45,40
12:11:14-12:16:44,5,20,5,35
13:01:04-13:01:33,15,10,15,35
13:02:42-13:08:10,30,35,45,35
13:05:47-13:06:40,25,30,30,30,30,20,40,20,40,10
13:07:12-13:10:54,20,10,35,10
13:10:05-13:10:56,10,20,10,40,35,40
14:00:47-14:00:54,5,20,5,35
14:03:20-14:11:24,20,15,20,35
14:05:31-14:08:39,30,35,45,35
14:08:17-14:15:00,25,30,30,30,30,20,40,20,40,10
14:09:38-14:18:21,20,10,35,10
15:00:11-15:05:47,25,45,45,45,45,40
15:02:12-15:10:37,5,20,5,35
15:04:45-15:14:19,15,10,15,35
15:06:03-15:09:25,30,35,45,35
15:08:05-15:13:10,35,30,35,25,45,25
15:10:18-15:12:37,25,45,45,45,45,40
16:00:21-16:04:53,5,20,5,35
16:02:12-16:04:40,15,10,15,35
16:03:01-16:11:49,20,15,20,35
16:04:44-16:06:55,25,30,30,30,30,20,40,20,40,10
16:06:24-16:08:32,20,10,35,10
16:07:41-16:16:08,25,45,45,45,45,40
16:09:19-16:18:30,5,20,5,35
16:10:48-16:17:04,15,10,15,35
17:00:39-17:10:06,30,35,45,35
17:02:31-17:03:01,35,30,35,25,45,25
17:03:57-17:12:53,25,45,45,45,45,40
17:05:34-17:07:47,5,20,5,35
17:07:32-17:15:10,15,10,15,35
17:08:31-17:09:41,20,15,20,35
17:10:51-17:18:39,25,30,30,30,30,20,40,20,40,10
18:00:03-18:02:19,35,30,35,25,45,25
18:02:32-18:04:50,25,45,45,45,45,40
18:04:46-18:05:26,10,20,10,40,35,40
18:06:20-18:10:39,5,20,5,35
18:08:39-18:13:32,15,10,15,35
18:10:15-18:13:41,30,35,45,35
19:00:35-19:03:12,25,30,30,30,30,20,40,20,40,10
19:01:55-19:08:01,35,30,35,25,45,25
19:03:06-19:11:02,25,45,45,45,45,40
19:04:16-19:09:48,5,20,5,35
19:05:27-19:05:51,20,15,20,35
19:07:06-19:14:54,30,35,45,35
19:08:23-19:14:50,25,30,30,30,30,20,40,20,40,10
19:09:38-19:15:54,20,10,35,10
19:11:18-19:18:57,10,20,10,40,35,40
20:00:13-20:02:03,5,20,5,35
20:01:32-20:11:00,15,10,15,35
20:03:04-20:08:09,30,35,45,35
20:04:02-20:05:04,25,30,30,30,30,20,40,20,40,10
20:05:28-20:08:38,20,10,35,10
20:07:18-20:11:26,10,20,10,40,35,40
20:08:14-20:16:16,5,20,5,35
20:09:49-20:13:05,20,15,20,35
20:10:50-20:15:06,25,30,30,30,30,20,40,20,40,10
21:00:22-21:06:22,20,10,35,10
21:02:56-21:10:28,25,45,45,45,45,40
21:05:58-21:10:06,5,20,5,35
21:08:08-21:08:16,20,15,20,35
21:10:21-21:16:50,25,30,30,30,30,20,40,20,40,10
22:00:12-22:02:17,35,30,35,25,45,25
22:01:40-22:02:04,25,45,45,45,45,40
22:02:55-22:11:06,5,20,5,35
22:04:13-22:12:05,20,15,20,35
22:05:58-22:15:03,25,30,30,30,30,20,40,20,40,10
22:06:42-22:15:06,35,30,35,25,45,25
22:08:31-22:09:19,25,45,45,45,45,40
22:09:32-22:15:34,10,20,10,40,35,40
22:11:03-22:17:38,15,10,15,35
23:00:42-23:01:29,20,15,20,35
23:01:50-23:10:44,25,30,30,30,30,20,40,20,40,10
23:03:37-23:08:47,35,30,35,25,45,25
23:05:19-23:12:40,25,45,45,45,45,40
23:07:04-23:13:09,5,20,5,35
23:09:14-23:09:31,15,10,15,35
23:10:12-23:12:36,30,35,45,35
24:00:39-24:01:49,35,30,35,25,45,25
24:03:35-24:07:43,25,45,45,45,45,40
24:05:23-24:13:39,10,20,10,40,35,40
24:07:45-24:14:42,5,20,5,35
24:10:24-24:12:49,20,15,20,35
25:00:22-25:04:02,25,30,30,30,30,20,40,20,40,10
25:01:50-25:06:43,20,10,35,10
25:02:57-25:12:02,10,20,10,40,35,40
25:04:05-25:07:52,15,10,15,35
25:05:52-25:07:30,30,35,45,35
25:07:16-25:15:56,25,30,30,30,30,20,40,20,40,10
25:08:11-25:09:43,35,30,35,25,45,25
25:09:27-25:14:23,25,45,45,45,45,40
25:10:59-25:12:44,10,20,10,40,35,40
26:00:53-26:01:16,5,20,5,35
26:03:08-26:07:42,20,15,20,35
26:05:52-26:14:40,25,30,30,30,30,20,40,20,40,10
26:07:41-26:13:44,35,30,35,25,45,25
26:10:23-26:10:58,20,10,35,10
