01:00:05-01:07:27,10,20,10,40,35,40
01:02:55-01:07:30,15,10,15,35
01:04:44-01:13:25,30,35,45,35
01:06:25-01:10:10,35,30,35,25,45,25
01:08:58-01:18:02,25,45,45,45,45,40
01:10:18-01:12:46,5,20,5,35
02:00:07-02:09:02,20,15,20,35
02:01:44-02:08:06,25,30,30,30,30,20,40,20,40,10
02:03:44-02:11:49,35,30,35,25,45,25
02:05:17-02:11:59,25,45,45,45,45,40
02:06:52-02:15:59,5,20,5,35
02:09:20-02:10:46,15,10,15,35
02:10:37-02:16:43,20,15,20,35
03:00:47-03:02:35,30,35,45,35
03:03:10-03:10:14,35,30,35,25,45,25
03:04:49-03:04:50,20,10,35,10
03:07:23-03:08:43,10,20,10,40,35,40
03:10:30-03:11:18,5,20,5,35
04:00:24-04:03:01,20,15,20,35
04:01:25-04:08:52,25,30,30,30,30,20,40,20,40,10
04:02:46-04:05:10,20,10,35,10
04:04:36-04:12:02,10,20,10,40,35,40
04:05:57-04:12:10,15,10,15,35
04:07:08-04:12:33,30,35,45,35
04:08:07-04:12:54,35,30,35,25,45,25
04:09:47-04:19:14,20,10,35,10
04:10:58-04:13:18,25,45,45,45,45,40
05:00:33-05:03:41,5,20,5,35
05:01:43-05:03:55,20,15,20,35
05:03:18-05:12:36,25,30,30,30,30,20,40,20,40,10
05:04:15-05:06:55,35,30,35,25,45,25
05:05:48-05:08:44,20,10,35,10
05:07:08-05:10:12,25,45,45,45,45,40
05:08:19-05:10:15,10,20,10,40,35,40
05:09:27-05:13:47,5,20,5,35
05:11:14-05:18:57,20,15,20,35
06:00:44-06:06:43,25,30,30,30,30,20,40,20,40,10
06:01:30-06:07:15,20,10,35,10
06:03:27-06:09:32,25,45,45,45,45,40
06:04:44-06:06:56,5,20,5,35
06:06:29-06:14:53,15,10,15,35
06:07:44-06:09:13,30,35,45,35
06:09:29-06:10:25,25,30,30,30,30,20,40,20,40,10
06:11:02-06:13:34,35,30,35,25,45,25
07:00:51-07:05:54,20,10,35,10
07:02:10-07:10:49,25,45,45,45,45,40
07:04:00-07:13:32,10,20,10,40,35,40
07:06:37-07:13:40,15,10,15,35
07:08:30-07:14:22,30,35,45,35
07:10:01-07:10:52,25,30,30,30,30,20,40,20,40,10
08:00:35-08:04:47,20,10,35,10
08:01:59-08:09:00,25,45,45,45,45,40
08:03:59-08:13:05,10,20,10,40,35,40
08:05:16-08:06:26,15,10,15,35
08:07:05-08:07:47,20,15,20,35
08:08:35-08:14:10,25,30,30,30,30,20,40,20,40,10
08:10:54-08:15:55,35,30,35,25,45,25
09:00:13-09:03:36,25,45,45,45,45,40
09:03:18-09:04:42,10,20,10,40,35,40
09:05:08-09:05:39,5,20,5,35
09:07:43-09:09:15,20,15,20,35
09:10:05-09:10:49,25,30,30,30,30,20,40,20,40,10
10:00:28-10:03:40,35,30,35,25,45,25
10:02:24-10:08:56,25,45,45,45,45,40
10:03:48-10:11:07,10,20,10,40,35,40
10:05:16-10:09:21,15,10,15,35
10:06:58-10:15:20,30,35,45,35
10:09:07-10:11:29,35,30,35,25,45,25
10:10:19-10:19:11,20,10,35,10
11:00:44-11:03:06,10,20,10,40,35,40
11:03:00-11:05:51,5,20,5,35
11:05:23-11:08:15,20,15,20,35
11:08:06-11:13:11,25,30,30,30,30,20,40,20,40,10
11:10:17-11:14:34,20,10,35,10
12:00:18-12:01:07,25,45,45,45,45,40
12:02:39-12:09:17,5,20,5,35
12:05:22-12:10:25,20,15,20,35
12:07:21-12:14:45,30,35,45,35
12:10:29-12:10:36,35,30,35,25,45,25
13:00:00-13:04:49,20,10,35,10
13:02:00-13:02:08,10,20,10,40,35,40
13:03:40-13:05:53,5,20,5,35
13:05:11-13:14:01,15,10,15,35
13:06:03-13:06:14,30,35,45,35
13:08:00-13:14:27,35,30,35,25,45,25
13:09:22-13:13:38,20,10,35,10
13:11:01-13:16:40,25,45,45,45,45,40
14:00:31-14:00:55,5,20,5,35
14:01:59-14:09:17,20,15,20,35
14:03:50-14:03:50,25,30,30,30,30,20,40,20,40,10
14:05:17-14:11:29,20,10,35,10
14:07:09-14:11:29,10,20,10,40,35,40
14:08:40-14:16:04,15,10,15,35
14:10:19-14:11:43,20,15,20,35
15:00:38-15:07:19,30,35,45,35
15:03:21-15:06:57,25,30,30,30,30,20,40,20,40,10
15:05:49-15:13:21,35,30,35,25,45,25
15:07:31-15:08:16,20,10,35,10
15:10:00-15:10:52,25,45,45,45,45,40
16:00:19-16:06:12,10,20,10,40,35,40
16:01:55-16:05:07,15,10,15,35
16:03:08-16:08:48,20,15,20,35
16:04:33-16:12:35,30,35,45,35
16:05:29-16:14:25,35,30,35,25,45,25
16:07:19-16:08:19,20,10,35,10
16:08:28-16:08:50,25,45,45,45,45,40
16:09:33-16:09:46,5,20,5,35
16:11:07-16:17:55,20,15,20,35
17:00:55-17:06:43,30,35,45,35
17:02:02-17:11:13,35,30,35,25,45,25
17:04:13-17:08:01,20,10,35,10
17:06:45-17:10:14,25,45,45,45,45,40
17:08:59-17:17:29,10,20,10,40,35,40
17:10:52-17:16:03,15,10,15,35
18:00:16-18:06:42,30,35,45,35
18:02:23-18:09:21,25,30,30,30,30,20,40,20,40,10
18:04:00-18:08:35,35,30,35,25,45,25
18:05:49-18:08:39,20,10,35,10
18:07:06-18:14:14,25,45,45,45,45,40
18:08:33-18:14:46,10,20,10,40,35,40
18:10:21-18:15:56,5,20,5,35
19:00:29-19:04:01,15,10,15,35
19:02:05-19:10:05,30,35,45,35
19:03:26-19:05:27,25,30,30,30,30,20,40,20,40,10
19:05:12-19:08:02,20,10,35,10
19:06:43-19:07:56,25,45,45,45,45,40
19:07:38-19:07:48,5,20,5,35
19:09:23-19:13:06,20,15,20,35
19:10:48-19:19:47,25,30,30,30,30,20,40,20,40,10
20:00:44-20:10:19,35,30,35,25,45,25
20:02:56-20:09:20,20,10,35,10
20:04:02-20:04:06,10,20,10,40,35,40
20:06:38-20:09:21,15,10,15,35
20:08:21-20:16:07,20,15,20,35
20:10:53-20:20:04,25,30,30,30,30,20,40,20,40,10
21:00:55-21:04:19,35,30,35,25,45,25
21:02:34-21:03:13,25,45,45,45,45,40
21:04:48-21:13:30,10,20,10,40,35,40
21:06:16-21:08:57,5,20,5,35
21:08:25-21:11:59,20,15,20,35
21:10:10-21:17:42,25,30,30,30,30,20,40,20,40,10
22:00:13-22:03:05,20,10,35,10
22:01:54-22:04:29,10,20,10,40,35,40
22:03:12-22:06:29,15,10,15,35
22:05:13-22:06:43,30,35,45,35
22:06:10-22:11:54,35,30,35,25,45,25
22:07:49-22:12:05,25,45,45,45,45,40
22:09:04-22:14:46,10,20,10,40,35,40
22:11:12-22:14:15,15,10,15,35
23:00:48-23:09:35,20,15,20,35
23:02:14-23:08:43,25,30,30,30,30,20,40,20,40,10
23:03:50-23:07:40,35,30,35,25,45,25
23:05:33-23:13:55,25,45,45,45,45,40
23:06:53-23:13:52,5,20,5,35
23:08:44-23:09:52,20,15,20,35
23:10:14-23:15:52,25,30,30,30,30,20,40,20,40,10
24:00:24-24:09:40,20,10,35,10
24:02:31-24:07:08,25,45,45,45,45,40
24:04:01-24:12:22,5,20,5,35
24:05:41-24:12:52,20,15,20,35
24:07:09-24:07:51,25,30,30,30,30,20,40,20,40,10
24:08:54-24:14:32,20,10,35,10
24:10:55-24:16:10,25,45,45,45,45,40
25:00:44-25:09:24,10,20,10,40,35,40
25:01:34-25:04:47,5,20,5,35
25:03:24-25:10:08,20,15,20,35
25:04:30-25:07:50,25,30,30,30,30,20,40,20,40,10
25:06:00-25:15:29,20,10,35,10
25:07:47-25:15:58,25,45,45,45,45,40
25:09:26-25:12:58,10,20,10,40,35,40
25:10:30-25:12:09,15,10,15,35
26:00:00-26:07:22,20,15,20,35
26:01:39-26:03:33,30,35,45,35
26:02:59-26:07:03,35,30,35,25,45,25
26:04:17-26:04:52,25,45,45,45,45,40
26:05:59-26:09:20,10,20,10,40,35,40
26:06:56-26:10:55,15,10,15,35
26:08:03-26:13:34,30,35,45,35
26:09:59-26:15:27,25,30,30,30,30,20,40,20,40,10
26:11:19-26:17:07,35,30,35,25,45,25
