01:00:50-01:06:50,5,20,5,35
01:02:27-01:07:35,15,10,15,35
01:04:41-01:14:13,30,35,45,35
01:06:40-01:12:55,25,30,30,30,30,20,40,20,40,10
01:08:00-01:16:16,35,30,35,25,45,25
01:10:57-01:12:22,20,10,35,10
02:00:50-02:02:02,10,20,10,40,35,40
02:01:43-02:10:08,15,10,15,35
02:03:55-02:09:15,20,15,20,35
02:05:14-02:07:39,25,30,30,30,30,20,40,20,40,10
02:07:35-02:11:49,20,10,35,10
02:08:35-02:17:36,10,20,10,40,35,40
02:10:24-02:13:05,5,20,5,35
03:00:29-03:08:40,15,10,15,35
03:02:12-03:08:23,20,15,20,35
03:03:05-03:12:05,25,30,30,30,30,20,40,20,40,10
03:05:02-03:05:08,20,10,35,10
03:06:28-03:07:24,25,45,45,45,45,40
03:07:47-03:08:29,5,20,5,35
03:09:34-03:13:40,15,10,15,35
03:11:06-03:11:48,30,35,45,35
04:00:19-04:01:43,25,30,30,30,30,20,40,20,40,10
04:01:52-04:05:57,20,10,35,10
04:03:45-04:06:09,10,20,10,40,35,40
04:05:52-04:09:53,15,10,15,35
04:06:51-04:12:15,20,15,20,35
04:08:53-04:18:12,25,30,30,30,30,20,40,20,40,10
04:10:50-04:20:10,20,10,35,10
05:00:57-05:10:14,10,20,10,40,35,40
05:03:02-05:08:20,15,10,15,35
05:05:43-05:13:30,20,15,20,35
05:08:03-05:10:27,30,35,45,35
05:10:46-05:19:47,25,30,30,30,30,20,40,20,40,10
06:00:33-06:07:03,20,10,35,10
06:01:29-06:08:59,25,45,45,45,45,40
06:03:04-06:05:10,10,20,10,40,35,40
06:04:12-06:06:31,5,20,5,35
06:05:52-06:14:09,20,15,20,35
06:06:50-06:13:05,30,35,45,35
06:08:26-06:11:03,35,30,35,25,45,25
06:09:25-06:14:15,25,45,45,45,45,40
06:11:05-06:18:11,5,20,5,35
07:00:39-07:04:55,20,15,20,35
07:01:44-07:11:01,30,35,45,35
07:02:59-07:05:33,25,30,30,30,30,20,40,20,40,10
07:04:32-07:13:58,20,10,35,10
07:05:44-07:11:57,25,45,45,45,45,40
07:06:50-07:13:39,5,20,5,35
07:08:38-07:11:13,15,10,15,35
07:09:23-07:11:11,30,35,45,35
07:10:45-07:14:01,25,30,30,30,30,20,40,20,40,10
08:00:09-08:04:47,20,10,35,10
08:02:14-08:02:29,10,20,10,40,35,40
08:03:43-08:12:23,15,10,15,35
08:04:59-08:07:12,30,35,45,35
08:06:19-08:10:51,25,30,30,30,30,20,40,20,40,10
08:07:46-08:10:55,20,10,35,10
08:09:26-08:15:57,25,45,45,45,45,40
08:10:31-08:18:55,5,20,5,35
09:00:39-09:03:48,15,10,15,35
09:01:50-09:06:07,30,35,45,35
09:03:23-09:05:10,35,30,35,25,45,25
09:04:46-09:09:32,25,45,45,45,45,40
09:06:06-09:11:16,5,20,5,35
09:07:49-09:10:10,15,10,15,35
09:09:03-09:13:27,20,15,20,35
09:10:41-09:11:24,30,35,45,35
10:01:11-10:06:13,35,30,35,25,45,25
10:02:42-10:08:51,25,45,45,45,45,40
10:05:35-10:07:03,5,20,5,35
10:07:59-10:10:25,20,15,20,35
10:10:34-10:10:48,30,35,45,35
11:00:22-11:05:47,25,30,30,30,30,20,40,20,40,10
11:02:15-11:11:34,35,30,35,25,45,25
11:03:42-11:08:10,25,45,45,45,45,40
11:05:07-11:07:53,5,20,5,35
11:06:56-11:10:01,15,10,15,35
11:08:38-11:17:54,20,15,20,35
11:10:16-11:13:00,25,30,30,30,30,20,40,20,40,10
12:00:40-12:03:10,20,10,35,10
12:01:36-12:02:28,10,20,10,40,35,40
12:03:41-12:07:28,5,20,5,35
12:04:54-12:06:33,15,10,15,35
12:06:11-12:12:47,20,15,20,35
12:08:05-12:13:33,30,35,45,35
12:09:00-12:15:04,25,30,30,30,30,20,40,20,40,10
12:10:45-12:15:39,20,10,35,10
13:00:15-13:02:24,10,20,10,40,35,40
13:02:04-13:05:37,15,10,15,35
13:03:11-13:05:43,20,15,20,35
13:04:55-13:08:26,30,35,45,35
13:06:43-13:13:40,25,30,30,30,30,20,40,20,40,10
13:07:38-13:12:44,35,30,35,25,45,25
13:09:21-13:10:32,25,45,45,45,45,40
13:11:09-13:15:17,10,20,10,40,35,40
14:00:08-14:03:04,15,10,15,35
14:03:22-14:09:35,20,15,20,35
14:05:08-14:07:56,30,35,45,35
14:07:36-14:15:32,35,30,35,25,45,25
14:09:59-14:16:32,20,10,35,10
15:00:21-15:06:26,10,20,10,40,35,40
15:01:51-15:09:07,15,10,15,35
15:02:51-15:10:39,20,15,20,35
15:04:11-15:08:01,25,30,30,30,30,20,40,20,40,10
15:05:51-15:13:46,20,10,35,10
15:07:17-15:09:29,25,45,45,45,45,40
15:08:20-15:15:30,10,20,10,40,35,40
15:09:34-15:17:41,5,20,5,35
15:11:02-15:13:46,15,10,15,35
16:00:42-16:08:18,20,15,20,35
16:02:02-16:07:42,25,30,30,30,30,20,40,20,40,10
16:03:05-16:11:50,35,30,35,25,45,25
16:05:07-16:11:21,20,10,35,10
16:06:33-16:16:00,10,20,10,40,35,40
16:07:30-16:13:53,5,20,5,35
16:09:02-16:15:54,20,15,20,35
16:11:08-16:19:25,30,35,45,35
17:00:02-17:01:27,25,30,30,30,30,20,40,20,40,10
17:01:49-17:08:37,20,10,35,10
17:03:24-17:11:25,25,45,45,45,45,40
17:05:03-17:13:17,10,20,10,40,35,40
17:06:17-17:15:37,5,20,5,35
17:08:03-17:16:51,15,10,15,35
17:09:12-17:09:42,30,35,45,35
17:11:14-17:15:00,25,30,30,30,30,20,40,20,40,10
18:00:39-18:04:15,35,30,35,25,45,25
18:03:14-18:06:45,25,45,45,45,45,40
18:05:39-18:06:47,5,20,5,35
18:08:06-18:10:10,20,15,20,35
18:10:07-18:10:57,30,35,45,35
19:00:46-19:04:57,35,30,35,25,45,25
19:02:21-19:10:39,20,10,35,10
19:04:10-19:12:53,10,20,10,40,35,40
19:06:24-19:08:18,5,20,5,35
19:08:40-19:15:15,15,10,15,35
19:10:59-19:12:46,20,15,20,35
20:00:14-20:05:32,25,30,30,30,30,20,40,20,40,10
20:02:17-20:06:31,35,30,35,25,45,25
20:03:36-20:12:25,25,45,45,45,45,40
20:05:48-20:09:14,10,20,10,40,35,40
20:07:13-20:09:19,15,10,15,35
20:08:31-20:15:47,20,15,20,35
20:10:26-20:14:34,30,35,45,35
21:00:23-21:07:29,35,30,35,25,45,25
21:03:12-21:04:06,20,10,35,10
21:04:58-21:11:56,10,20,10,40,35,40
21:07:16-21:16:28,5,20,5,35
21:10:12-21:17:04,15,10,15,35
22:00:45-22:09:05,20,15,20,35
22:02:51-22:11:31,25,30,30,30,30,20,40,20,40,10
22:04:56-22:05:16,20,10,35,10
22:07:59-22:14:26,10,20,10,40,35,40
22:10:21-22:12:23,5,20,5,35
23:00:02-23:08:08,20,15,20,35
23:02:24-23:06:55,25,30,30,30,30,20,40,20,40,10
23:05:48-23:08:02,35,30,35,25,45,25
23:07:33-23:09:08,20,10,35,10
23:09:40-23:15:08,25,45,45,45,45,40
24:00:31-24:09:34,5,20,5,35
24:02:26-24:05:53,15,10,15,35
24:04:08-24:09:41,20,15,20,35
24:05:53-24:06:28,25,30,30,30,30,20,40,20,40,10
24:07:01-24:09:45,20,10,35,10
24:08:54-24:09:04,10,20,10,40,35,40
24:10:54-24:15:58,5,20,5,35
25:00:01-25:04:33,20,15,20,35
25:02:10-25:02:14,25,30,30,30,30,20,40,20,40,10
25:04:14-25:04:56,20,10,35,10
25:05:18-25:06:56,25,45,45,45,45,40
25:07:06-25:12:05,5,20,5,35
25:08:47-25:11:06,15,10,15,35
25:10:23-25:13:59,20,15,20,35
26:00:34-26:04:18,30,35,45,35
26:02:30-26:05:52,25,30,30,30,30,20,40,20,40,10
26:03:35-26:04:34,20,10,35,10
26:05:55-26:15:03,25,45,45,45,45,40
26:07:08-26:13:57,5,20,5,35
26:08:38-26:15:00,15,10,15,35
26:10:15-26:13:39,30,35,45,35
