01:00:38-01:03:48,10,20,10,40,35,40
01:02:29-01:08:01,15,10,15,35
01:04:54-01:14:06,20,15,20,35
01:06:04-01:09:24,30,35,45,35
01:08:40-01:10:12,25,30,30,30,30,20,40,20,40,10
01:10:57-01:14:52,20,10,35,10
02:00:39-02:05:20,10,20,10,40,35,40
02:01:36-02:08:16,15,10,15,35
02:03:07-02:07:19,20,15,20,35
02:04:28-02:05:47,25,30,30,30,30,20,40,20,40,10
02:05:58-02:07:10,20,10,35,10
02:06:54-02:12:30,25,45,45,45,45,40
02:08:07-02:08:35,10,20,10,40,35,40
02:09:31-02:12:33,5,20,5,35
02:11:14-02:11:42,15,10,15,35
03:00:00-03:01:48,30,35,45,35
03:02:24-03:03:00,25,30,30,30,30,20,40,20,40,10
03:04:24-03:09:23,35,30,35,25,45,25
03:06:07-03:08:48,25,45,45,45,45,40
03:08:57-03:15:48,10,20,10,40,35,40
03:10:03-03:10:31,5,20,5,35
04:00:57-04:03:35,15,10,15,35
04:02:05-04:02:33,30,35,45,35
04:04:02-04:10:58,35,30,35,25,45,25
04:06:53-04:09:36,25,45,45,45,45,40
04:08:11-04:15:32,5,20,5,35
04:10:30-04:17:25,20,15,20,35
05:00:09-05:08:24,25,30,30,30,30,20,40,20,40,10
05:01:44-05:09:26,20,10,35,10
05:03:10-05:03:27,10,20,10,40,35,40
05:04:10-05:09:55,5,20,5,35
05:05:30-05:11:45,15,10,15,35
05:07:09-05:08:42,30,35,45,35
05:08:07-05:11:36,25,30,30,30,30,20,40,20,40,10
05:09:35-05:16:19,20,10,35,10
05:10:51-05:12:06,10,20,10,40,35,40
06:00:24-06:03:36,15,10,15,35
06:01:34-06:03:55,30,35,45,35
06:02:53-06:03:20,25,30,30,30,30,20,40,20,40,10
06:04:10-06:10:50,20,10,35,10
06:05:45-06:11:05,25,45,45,45,45,40
06:07:05-06:15:44,5,20,5,35
06:08:37-06:12:09,15,10,15,35
06:09:54-06:16:13,30,35,45,35
06:10:57-06:16:33,25,30,30,30,30,20,40,20,40,10
07:00:13-07:04:10,20,10,35,10
07:01:53-07:04:51,10,20,10,40,35,40
07:03:44-07:06:11,15,10,15,35
07:05:52-07:08:16,30,35,45,35
07:07:17-07:14:52,35,30,35,25,45,25
07:09:00-07:13:09,25,45,45,45,45,40
07:10:26-07:19:21,10,20,10,40,35,40
08:00:30-08:01:32,5,20,5,35
08:01:57-08:07:56,20,15,20,35
08:03:54-08:10:06,30,35,45,35
08:05:24-08:07:33,25,30,30,30,30,20,40,20,40,10
08:07:01-08:11:29,35,30,35,25,45,25
08:08:58-08:12:47,20,10,35,10
08:10:39-08:15:18,25,45,45,45,45,40
09:00:29-09:02:30,5,20,5,35
09:02:02-09:03:08,20,15,20,35
09:03:33-09:07:28,30,35,45,35
09:04:47-09:06:07,35,30,35,25,45,25
09:06:18-09:07:30,25,45,45,45,45,40
09:07:41-09:11:29,10,20,10,40,35,40
09:09:09-09:13:21,15,10,15,35
09:11:05-09:18:20,20,15,20,35
10:00:07-10:01:04,30,35,45,35
10:03:19-10:05:22,25,30,30,30,30,20,40,20,40,10
10:04:54-10:07:36,35,30,35,25,45,25
10:07:55-10:17:12,25,45,45,45,45,40
10:10:03-10:19:16,5,20,5,35
11:00:34-11:02:30,20,15,20,35
11:01:44-11:08:00,25,30,30,30,30,20,40,20,40,10
11:03:43-11:07:17,20,10,35,10
11:05:00-11:05:40,25,45,45,45,45,40
11:06:31-11:13:55,10,20,10,40,35,40
11:07:49-11:16:42,15,10,15,35
11:09:09-11:13:33,30,35,45,35
11:11:09-11:14:13,25,30,30,30,30,20,40,20,40,10
12:00:44-12:05:12,35,30,35,25,45,25
12:02:19-12:07:52,20,10,35,10
12:04:13-12:13:41,10,20,10,40,35,40
12:05:27-12:07:31,15,10,15,35
12:07:10-12:16:45,20,15,20,35
12:09:16-12:14:32,30,35,45,35
12:10:57-12:17:58,35,30,35,25,45,25
13:00:21-13:08:15,25,45,45,45,45,40
13:02:11-13:09:27,10,20,10,40,35,40
13:03:54-13:11:48,5,20,5,35
13:05:46-13:08:22,15,10,15,35
13:07:23-13:14:31,30,35,45,35
13:09:16-13:18:11,35,30,35,25,45,25
13:10:24-13:11:58,25,45,45,45,45,40
14:00:38-14:09:34,5,20,5,35
14:01:24-14:05:49,15,10,15,35
14:02:45-14:03:54,30,35,45,35
14:04:31-14:09:27,35,30,35,25,45,25
14:05:35-14:11:38,25,45,45,45,45,40
14:06:50-14:07:51,5,20,5,35
14:08:16-14:17:40,20,15,20,35
14:09:22-14:18:08,30,35,45,35
14:11:16-14:14:56,35,30,35,25,45,25
15:00:30-15:09:51,25,45,45,45,45,40
15:01:33-15:08:44,10,20,10,40,35,40
15:03:16-15:08:36,5,20,5,35
15:04:46-15:07:26,20,15,20,35
15:06:25-15:15:43,30,35,45,35
15:07:31-15:10:11,25,30,30,30,30,20,40,20,40,10
15:09:06-15:12:38,35,30,35,25,45,25
15:10:40-15:14:51,20,10,35,10
16:00:58-16:03:31,10,20,10,40,35,40
16:02:34-16:06:05,15,10,15,35
16:05:04-16:11:03,30,35,45,35
16:07:31-16:08:14,25,30,30,30,30,20,40,20,40,10
16:10:11-16:11:33,20,10,35,10
17:00:39-17:05:52,10,20,10,40,35,40
17:02:01-17:06:05,15,10,15,35
17:04:07-17:07:07,30,35,45,35
17:05:12-17:08:53,35,30,35,25,45,25
17:07:15-17:12:09,25,45,45,45,45,40
17:08:46-17:15:17,10,20,10,40,35,40
17:10:12-17:18:19,15,10,15,35
18:00:36-18:01:16,30,35,45,35
18:01:54-18:10:41,35,30,35,25,45,25
18:02:55-18:12:11,25,45,45,45,45,40
18:04:08-18:10:24,10,20,10,40,35,40
18:05:23-18:14:45,15,10,15,35
18:07:14-18:13:26,30,35,45,35
18:08:10-18:11:31,25,30,30,30,30,20,40,20,40,10
18:09:48-18:12:54,20,10,35,10
18:11:15-18:18:31,10,20,10,40,35,40
19:00:22-19:08:18,15,10,15,35
19:02:14-19:06:54,20,15,20,35
19:03:39-19:05:21,30,35,45,35
19:04:48-19:06:50,25,30,30,30,30,20,40,20,40,10
19:06:13-19:12:46,35,30,35,25,45,25
19:07:33-19:10:44,20,10,35,10
19:09:16-19:17:36,25,45,45,45,45,40
19:10:47-19:13:38,5,20,5,35
20:00:10-20:05:58,15,10,15,35
20:02:42-20:07:54,20,15,20,35
20:04:59-20:07:45,30,35,45,35
20:06:49-20:16:17,25,30,30,30,30,20,40,20,40,10
20:08:44-20:15:38,35,30,35,25,45,25
20:10:26-20:13:34,20,10,35,10
21:00:50-21:07:09,10,20,10,40,35,40
21:02:07-21:11:39,5,20,5,35
21:04:07-21:13:03,15,10,15,35
21:05:41-21:05:49,30,35,45,35
21:07:33-21:13:49,25,30,30,30,30,20,40,20,40,10
21:08:38-21:12:22,20,10,35,10
21:10:15-21:11:01,10,20,10,40,35,40
22:00:20-22:01:56,5,20,5,35
22:02:03-22:03:01,20,15,20,35
22:03:29-22:11:05,25,30,30,30,30,20,40,20,40,10
22:04:57-22:11:59,35,30,35,25,45,25
22:06:24-22:08:44,25,45,45,45,45,40
22:07:59-22:11:23,10,20,10,40,35,40
22:09:27-22:16:57,5,20,5,35
22:10:30-22:12:10,20,15,20,35
23:00:39-23:09:21,30,35,45,35
23:01:36-23:02:40,25,30,30,30,30,20,40,20,40,10
23:03:24-23:12:28,35,30,35,25,45,25
23:04:50-23:09:07,25,45,45,45,45,40
23:06:18-23:15:51,5,20,5,35
23:07:46-23:08:05,15,10,15,35
23:09:04-23:10:12,20,15,20,35
23:11:09-23:19:53,25,30,30,30,30,20,40,20,40,10
24:01:05-24:09:14,20,10,35,10
24:02:38-24:06:28,10,20,10,40,35,40
24:05:17-24:07:13,5,20,5,35
24:08:06-24:11:26,15,10,15,35
24:10:23-24:10:23,20,15,20,35
25:00:23-25:02:31,30,35,45,35
25:01:51-25:02:07,35,30,35,25,45,25
25:03:34-25:08:29,25,45,45,45,45,40
25:04:31-25:10:43,5,20,5,35
25:06:34-25:06:54,15,10,15,35
25:08:03-25:14:28,30,35,45,35
25:09:29-25:13:45,35,30,35,25,45,25
25:10:50-25:19:21,25,45,45,45,45,40
26:00:22-26:08:50,5,20,5,35
26:01:45-26:04:46,20,15,20,35
26:03:16-26:06:44,25,30,30,30,30,20,40,20,40,10
26:05:01-26:10:43,35,30,35,25,45,25
26:06:18-26:15:23,25,45,45,45,45,40
26:08:12-26:15:54,5,20,5,35
26:09:21-26:18:34,20,15,20,35
26:11:04-26:14:50,30,35,45,35
