01:00:13-01:02:52,10,20,10,40,35,40
01:02:36-01:11:54,15,10,15,35
01:05:09-01:13:46,20,15,20,35
01:07:32-01:16:26,25,30,30,30,30,20,40,20,40,10
01:10:01-01:12:13,35,30,35,25,45,25
02:00:07-02:01:17,20,10,35,10
02:02:04-02:05:02,25,45,45,45,45,40
02:03:53-02:08:53,10,20,10,40,35,40
02:05:24-02:05:39,15,10,15,35
02:07:29-02:07:35,30,35,45,35
02:09:15-02:11:35,35,30,35,25,45,25
02:10:48-02:16:12,25,45,45,45,45,40
03:00:35-03:07:40,10,20,10,40,35,40
03:01:46-03:10:38,5,20,5,35
03:03:18-03:08:56,20,15,20,35
03:04:05-03:05:28,25,30,30,30,30,20,40,20,40,10
03:05:56-03:14:44,20,10,35,10
03:07:15-03:14:55,10,20,10,40,35,40
03:08:01-03:10:34,5,20,5,35
03:09:24-03:12:12,20,15,20,35
03:10:41-03:19:51,30,35,45,35
04:00:07-04:03:12,35,30,35,25,45,25
04:02:51-04:09:54,25,45,45,45,45,40
04:04:48-04:08:00,5,20,5,35
04:06:43-04:09:57,15,10,15,35
04:08:07-04:17:41,20,15,20,35
04:10:56-04:13:43,25,30,30,30,30,20,40,20,40,10
05:00:22-05:01:55,20,10,35,10
05:02:02-05:08:15,25,45,45,45,45,40
05:03:59-05:04:35,10,20,10,40,35,40
05:05:54-05:11:09,15,10,15,35
05:07:09-05:07:43,30,35,45,35
05:09:01-05:09:37,35,30,35,25,45,25
05:10:55-05:17:14,25,45,45,45,45,40
06:00:39-06:02:35,5,20,5,35
06:01:52-06:07:56,20,15,20,35
06:02:45-06:11:33,30,35,45,35
06:04:30-06:12:07,35,30,35,25,45,25
06:05:29-06:14:59,25,45,45,45,45,40
06:07:06-06:15:39,5,20,5,35
06:08:23-06:15:33,20,15,20,35
06:09:35-06:17:39,25,30,30,30,30,20,40,20,40,10
06:10:58-06:16:43,35,30,35,25,45,25
07:00:36-07:02:13,20,10,35,10
07:02:08-07:06:04,10,20,10,40,35,40
07:03:17-07:12:44,5,20,5,35
07:04:47-07:10:06,15,10,15,35
07:06:11-07:09:23,30,35,45,35
07:08:06-07:17:00,35,30,35,25,45,25
07:09:24-07:14:16,20,10,35,10
07:11:14-07:15:10,10,20,10,40,35,40
08:00:35-08:05:52,5,20,5,35
08:02:08-08:07:53,15,10,15,35
08:03:14-08:11:42,20,15,20,35
08:05:09-08:09:24,30,35,45,35
08:06:20-08:08:37,35,30,35,25,45,25
08:07:43-08:09:02,20,10,35,10
08:09:11-08:16:23,10,20,10,40,35,40
08:10:49-08:13:26,15,10,15,35
09:00:00-09:01:43,30,35,45,35
09:02:00-09:03:56,35,30,35,25,45,25
09:03:31-09:07:51,20,10,35,10
09:05:48-09:12:44,10,20,10,40,35,40
09:07:16-09:11:06,5,20,5,35
09:08:38-09:11:26,15,10,15,35
09:10:44-09:16:04,20,15,20,35
10:00:02-10:00:31,30,35,45,35
10:02:47-10:10:31,25,30,30,30,30,20,40,20,40,10
10:04:56-10:09:54,20,10,35,10
10:06:47-10:06:54,10,20,10,40,35,40
10:08:52-10:15:37,15,10,15,35
10:10:50-10:14:01,30,35,45,35
11:00:36-11:09:25,25,30,30,30,30,20,40,20,40,10
11:01:37-11:10:06,35,30,35,25,45,25
11:03:09-11:10:04,20,10,35,10
11:04:34-11:08:30,25,45,45,45,45,40
11:05:37-11:11:37,5,20,5,35
11:07:08-11:10:08,15,10,15,35
11:08:17-11:15:15,30,35,45,35
11:09:37-11:14:12,35,30,35,25,45,25
11:11:18-11:16:10,25,45,45,45,45,40
12:00:25-12:09:03,10,20,10,40,35,40
12:01:30-12:06:58,15,10,15,35
12:03:09-12:10:42,30,35,45,35
12:04:17-12:12:35,25,30,30,30,30,20,40,20,40,10
12:05:22-12:13:15,35,30,35,25,45,25
12:07:16-12:07:49,20,10,35,10
12:08:38-12:10:50,25,45,45,45,45,40
12:09:22-12:15:53,10,20,10,40,35,40
12:11:11-12:11:55,15,10,15,35
13:00:26-13:04:29,20,15,20,35
13:01:39-13:02:59,30,35,45,35
13:02:43-13:09:04,35,30,35,25,45,25
13:04:21-13:11:33,25,45,45,45,45,40
13:05:57-13:07:35,10,20,10,40,35,40
13:07:00-13:10:25,15,10,15,35
13:08:20-13:14:19,30,35,45,35
13:09:29-13:09:45,35,30,35,25,45,25
13:11:05-13:18:05,25,45,45,45,45,40
14:00:05-14:03:28,5,20,5,35
14:01:59-14:11:27,20,15,20,35
14:03:47-14:05:59,25,30,30,30,30,20,40,20,40,10
14:05:24-14:06:08,35,30,35,25,45,25
14:07:37-14:12:08,20,10,35,10
14:09:01-14:15:21,25,45,45,45,45,40
14:10:31-14:19:07,5,20,5,35
15:00:46-15:07:10,20,15,20,35
15:02:05-15:04:02,30,35,45,35
15:04:16-15:11:31,25,30,30,30,30,20,40,20,40,10
15:06:50-15:09:38,35,30,35,25,45,25
15:08:34-15:14:45,20,10,35,10
15:10:41-15:14:56,10,20,10,40,35,40
16:00:38-16:01:07,15,10,15,35
16:01:21-16:06:48,20,15,20,35
16:03:16-16:06:05,30,35,45,35
16:04:39-16:07:07,35,30,35,25,45,25
16:05:22-16:08:50,25,45,45,45,45,40
16:06:57-16:16:01,5,20,5,35
16:08:20-16:12:56,20,15,20,35
16:09:27-16:17:16,25,30,30,30,30,20,40,20,40,10
16:11:00-16:20:19,35,30,35,25,45,25
17:00:28-17:09:42,20,10,35,10
17:02:02-17:09:01,25,45,45,45,45,40
17:03:31-17:04:05,5,20,5,35
17:05:03-17:13:04,20,15,20,35
17:06:02-17:15:33,25,30,30,30,30,20,40,20,40,10
17:07:41-17:08:45,20,10,35,10
17:09:02-17:14:44,10,20,10,40,35,40
17:10:57-17:13:42,15,10,15,35
18:00:58-18:08:26,30,35,45,35
18:02:19-18:03:06,25,30,30,30,30,20,40,20,40,10
18:04:43-18:08:51,35,30,35,25,45,25
18:06:08-18:09:29,25,45,45,45,45,40
18:08:12-18:14:08,10,20,10,40,35,40
18:10:01-18:19:35,5,20,5,35
19:00:26-19:08:21,15,10,15,35
19:01:28-19:01:46,20,15,20,35
19:02:44-19:05:42,30,35,45,35
19:04:05-19:13:07,25,30,30,30,30,20,40,20,40,10
19:05:39-19:11:28,35,30,35,25,45,25
19:06:43-19:07:48,25,45,45,45,45,40
19:08:10-19:11:04,10,20,10,40,35,40
19:09:28-19:10:52,5,20,5,35
19:10:59-19:13:32,20,15,20,35
20:00:50-20:02:42,25,30,30,30,30,20,40,20,40,10
20:01:42-20:09:47,20,10,35,10
20:03:58-20:13:05,10,20,10,40,35,40
20:05:23-20:05:31,5,20,5,35
20:07:14-20:07:57,20,15,20,35
20:09:07-20:09:22,25,30,30,30,30,20,40,20,40,10
20:10:44-20:15:49,35,30,35,25,45,25
21:00:12-21:01:41,25,45,45,45,45,40
21:03:23-21:10:43,5,20,5,35
21:05:37-21:07:41,15,10,15,35
21:07:24-21:08:45,20,15,20,35
21:10:40-21:14:50,30,35,45,35
22:00:39-22:09:35,25,30,30,30,30,20,40,20,40,10
22:01:38-22:02:50,35,30,35,25,45,25
22:02:43-22:09:59,20,10,35,10
22:04:24-22:13:36,25,45,45,45,45,40
22:05:42-22:11:26,10,20,10,40,35,40
22:06:58-22:11:58,5,20,5,35
22:08:32-22:09:54,20,15,20,35
22:09:40-22:11:55,25,30,30,30,30,20,40,20,40,10
22:11:06-22:17:24,35,30,35,25,45,25
23:00:38-23:03:58,20,10,35,10
23:01:32-23:02:25,25,45,45,45,45,40
23:02:54-23:11:23,5,20,5,35
23:04:13-23:05:29,20,15,20,35
23:05:56-23:09:04,25,30,30,30,30,20,40,20,40,10
23:07:07-23:09:39,35,30,35,25,45,25
23:08:22-23:16:48,25,45,45,45,45,40
23:09:32-23:10:53,5,20,5,35
23:11:00-23:12:04,15,10,15,35
24:00:39-24:10:02,20,15,20,35
24:01:46-24:07:04,30,35,45,35
24:03:07-24:10:01,35,30,35,25,45,25
24:04:22-24:10:10,25,45,45,45,45,40
24:05:44-24:15:08,5,20,5,35
24:07:14-24:15:00,20,15,20,35
24:08:20-24:13:20,30,35,45,35
24:09:45-24:18:54,25,30,30,30,30,20,40,20,40,10
24:10:46-24:15:48,35,30,35,25,45,25
25:00:40-25:03:31,25,45,45,45,45,40
25:03:35-25:12:31,5,20,5,35
25:05:12-25:11:00,20,15,20,35
25:07:17-25:09:11,30,35,45,35
25:10:47-25:15:35,35,30,35,25,45,25
26:00:11-26:09:02,25,45,45,45,45,40
26:01:27-26:02:57,5,20,5,35
26:02:48-26:09:44,15,10,15,35
26:04:02-26:05:13,20,15,20,35
26:05:20-26:11:04,30,35,45,35
26:06:50-26:06:50,25,30,30,30,30,20,40,20,40,10
26:08:09-26:14:25,35,30,35,25,45,25
26:09:50-26:11:42,25,45,45,45,45,40
26:11:16-26:14:23,10,20,10,40,35,40
