01:00:16-01:05:08,5,20,5,35
01:01:25-01:04:56,15,10,15,35
01:03:05-01:05:45,30,35,45,35
01:04:22-01:11:46,25,30,30,30,30,20,40,20,40,10
01:05:56-01:14:56,20,10,35,10
01:07:06-01:08:02,25,45,45,45,45,40
01:08:26-01:10:07,10,20,10,40,35,40
01:09:31-01:17:54,5,20,5,35
01:11:11-01:15:45,15,10,15,35
02:00:12-02:02:24,30,35,45,35
02:01:32-02:02:50,25,30,30,30,30,20,40,20,40,10
02:03:18-02:11:19,20,10,35,10
02:04:15-02:11:35,10,20,10,40,35,40
02:05:41-02:08:37,15,10,15,35
02:06:59-02:13:39,20,15,20,35
02:08:13-02:12:10,30,35,45,35
02:09:34-02:09:58,25,30,30,30,30,20,40,20,40,10
02:10:48-02:10:48,20,10,35,10
03:00:40-03:03:44,25,45,45,45,45,40
03:01:42-03:10:07,10,20,10,40,35,40
03:03:42-03:12:53,15,10,15,35
03:04:34-03:09:11,20,15,20,35
03:06:40-03:15:52,25,30,30,30,30,20,40,20,40,10
03:07:53-03:15:29,35,30,35,25,45,25
03:09:23-03:09:59,20,10,35,10
03:10:31-03:16:45,25,45,45,45,45,40
04:00:07-04:05:41,5,20,5,35
04:02:11-04:02:19,15,10,15,35
04:03:23-04:05:44,20,15,20,35
04:04:41-04:11:10,30,35,45,35
04:06:19-04:13:20,35,30,35,25,45,25
04:08:10-04:14:58,20,10,35,10
04:09:25-04:15:45,10,20,10,40,35,40
04:11:08-04:16:29,15,10,15,35
05:00:04-05:02:07,20,15,20,35
05:01:44-05:04:34,25,30,30,30,30,20,40,20,40,10
05:03:15-05:03:22,35,30,35,25,45,25
05:04:07-05:06:22,25,45,45,45,45,40
05:05:55-05:11:06,5,20,5,35
05:07:13-05:16:44,15,10,15,35
05:08:10-05:17:20,30,35,45,35
05:09:27-05:17:40,25,30,30,30,30,20,40,20,40,10
05:11:06-05:18:29,20,10,35,10
06:00:33-06:05:49,10,20,10,40,35,40
06:01:52-06:07:07,15,10,15,35
06:02:47-06:09:03,30,35,45,35
06:04:10-06:11:24,25,30,30,30,30,20,40,20,40,10
06:05:45-06:12:15,20,10,35,10
06:06:53-06:13:32,10,20,10,40,35,40
06:08:01-06:15:16,15,10,15,35
06:09:37-06:14:08,30,35,45,35
06:11:13-06:12:43,25,30,30,30,30,20,40,20,40,10
07:00:29-07:07:48,35,30,35,25,45,25
07:02:04-07:02:51,20,10,35,10
07:03:57-07:04:25,10,20,10,40,35,40
07:05:12-07:12:25,5,20,5,35
07:07:38-07:07:51,15,10,15,35
07:09:02-07:16:28,20,15,20,35
07:11:00-07:15:56,30,35,45,35
08:00:17-08:09:41,35,30,35,25,45,25
08:01:31-08:01:48,25,45,45,45,45,40
08:03:13-08:03:40,10,20,10,40,35,40
08:04:50-08:05:40,5,20,5,35
08:06:16-08:15:07,20,15,20,35
08:07:51-08:16:55,30,35,45,35
08:09:34-08:15:30,25,30,30,30,30,20,40,20,40,10
08:11:06-08:14:59,20,10,35,10
09:00:12-09:01:17,10,20,10,40,35,40
09:01:35-09:07:41,5,20,5,35
09:03:05-09:06:31,15,10,15,35
09:04:35-09:12:44,20,15,20,35
09:06:43-09:08:27,30,35,45,35
09:07:58-09:10:48,25,30,30,30,30,20,40,20,40,10
09:09:13-09:13:12,35,30,35,25,45,25
09:11:00-09:14:04,20,10,35,10
10:00:49-10:05:15,10,20,10,40,35,40
10:02:27-10:03:45,5,20,5,35
10:03:41-10:12:01,20,15,20,35
10:05:48-10:11:03,25,30,30,30,30,20,40,20,40,10
10:07:04-10:10:40,35,30,35,25,45,25
10:08:53-10:15:21,20,10,35,10
10:10:51-10:15:22,10,20,10,40,35,40
11:00:03-11:04:50,5,20,5,35
11:02:37-11:09:52,15,10,15,35
11:04:43-11:05:47,30,35,45,35
11:06:51-11:14:55,35,30,35,25,45,25
11:08:12-11:11:11,20,10,35,10
11:10:47-11:18:18,25,45,45,45,45,40
12:00:26-12:08:49,10,20,10,40,35,40
12:01:56-12:06:20,5,20,5,35
12:03:59-12:12:15,20,15,20,35
12:05:06-12:11:30,25,30,30,30,30,20,40,20,40,10
12:06:57-12:12:41,35,30,35,25,45,25
12:09:14-12:11:35,20,10,35,10
12:10:45-12:18:04,10,20,10,40,35,40
13:00:03-13:09:31,5,20,5,35
13:01:47-13:05:19,20,15,20,35
13:03:19-13:05:06,25,30,30,30,30,20,40,20,40,10
13:04:43-13:11:11,35,30,35,25,45,25
13:06:36-13:12:36,20,10,35,10
13:08:05-13:16:29,25,45,45,45,45,40
13:09:14-13:13:57,10,20,10,40,35,40
13:11:06-13:16:16,5,20,5,35
14:00:20-14:04:20,15,10,15,35
14:02:02-14:06:05,30,35,45,35
14:03:44-14:06:30,35,30,35,25,45,25
14:05:10-14:07:17,25,45,45,45,45,40
14:06:36-14:07:42,10,20,10,40,35,40
14:07:56-14:12:56,15,10,15,35
14:09:03-14:15:30,20,15,20,35
14:10:54-14:12:50,30,35,45,35
15:00:03-15:04:09,25,30,30,30,30,20,40,20,40,10
15:02:14-15:08:54,35,30,35,25,45,25
15:03:31-15:08:15,20,10,35,10
15:05:38-15:11:06,10,20,10,40,35,40
15:07:35-15:10:23,5,20,5,35
15:09:09-15:13:39,20,15,20,35
15:10:34-15:17:53,25,30,30,30,30,20,40,20,40,10
16:00:49-16:07:11,20,10,35,10
16:01:49-16:09:17,25,45,45,45,45,40
16:03:45-16:08:41,5,20,5,35
16:05:55-16:07:06,15,10,15,35
16:06:58-16:09:41,20,15,20,35
16:08:35-16:09:01,25,30,30,30,30,20,40,20,40,10
16:10:25-16:13:05,20,10,35,10
17:00:51-17:08:38,25,45,45,45,45,40
17:02:18-17:04:54,10,20,10,40,35,40
17:04:34-17:07:33,5,20,5,35
17:06:59-17:15:10,15,10,15,35
17:08:34-17:14:31,20,15,20,35
17:10:39-17:14:58,25,30,30,30,30,20,40,20,40,10
18:00:27-18:00:39,20,10,35,10
18:03:29-18:04:47,10,20,10,40,35,40
18:05:48-18:10:45,15,10,15,35
18:07:43-18:16:46,30,35,45,35
18:09:45-18:18:54,25,30,30,30,30,20,40,20,40,10
19:00:35-19:02:00,35,30,35,25,45,25
19:01:37-19:08:28,20,10,35,10
19:03:32-19:12:44,10,20,10,40,35,40
19:04:30-19:07:35,5,20,5,35
19:06:44-19:08:29,15,10,15,35
19:07:45-19:14:17,20,15,20,35
19:09:13-19:15:42,30,35,45,35
19:10:49-19:13:52,25,30,30,30,30,20,40,20,40,10
20:00:05-20:03:26,35,30,35,25,45,25
20:02:27-20:07:47,20,10,35,10
20:03:41-20:10:55,10,20,10,40,35,40
20:05:56-20:09:13,5,20,5,35
20:06:56-20:14:25,20,15,20,35
20:08:38-20:13:48,30,35,45,35
20:10:32-20:19:44,35,30,35,25,45,25
21:00:03-21:05:03,20,10,35,10
21:01:28-21:08:21,10,20,10,40,35,40
21:02:47-21:05:20,5,20,5,35
21:04:25-21:08:59,20,15,20,35
21:05:20-21:09:19,30,35,45,35
21:07:16-21:11:27,25,30,30,30,30,20,40,20,40,10
21:08:36-21:17:24,35,30,35,25,45,25
21:09:58-21:14:26,25,45,45,45,45,40
21:11:10-21:19:49,5,20,5,35
22:00:17-22:08:09,15,10,15,35
22:03:10-22:07:10,30,35,45,35
22:05:26-22:09:50,35,30,35,25,45,25
22:07:55-22:14:23,25,45,45,45,45,40
22:09:46-22:17:31,10,20,10,40,35,40
23:00:23-23:07:23,5,20,5,35
23:02:11-23:11:11,20,15,20,35
23:04:47-23:06:27,30,35,45,35
23:06:54-23:15:35,25,30,30,30,30,20,40,20,40,10
23:08:01-23:08:21,35,30,35,25,45,25
23:10:34-23:14:34,20,10,35,10
24:00:24-24:06:36,25,45,45,45,45,40
24:02:48-24:11:22,10,20,10,40,35,40
24:04:48-24:13:33,15,10,15,35
24:06:29-24:07:36,20,15,20,35
24:08:39-24:10:22,25,30,30,30,30,20,40,20,40,10
24:10:39-24:17:31,35,30,35,25,45,25
25:00:04-25:09:19,25,45,45,45,45,40
25:02:31-25:10:39,10,20,10,40,35,40
25:03:59-25:13:29,15,10,15,35
25:05:53-25:14:37,20,15,20,35
25:07:08-25:12:48,25,30,30,30,30,20,40,20,40,10
25:08:35-25:15:22,20,10,35,10
25:10:13-25:19:03,10,20,10,40,35,40
26:00:39-26:01:48,15,10,15,35
26:01:32-26:06:37,30,35,45,35
26:03:16-26:09:15,25,30,30,30,30,20,40,20,40,10
26:04:15-26:08:31,35,30,35,25,45,25
26:05:44-26:11:32,20,10,35,10
26:06:40-26:08:19,10,20,10,40,35,40
26:08:36-26:13:50,5,20,5,35
26:09:33-26:11:37,20,15,20,35
26:11:19-26:12:17,30,35,45,35
