00:03,69,23,6,539,8
00:05,16,20,6,57,24
00:08,47,46,5,481,24
00:10,53,5,6,127,24
00:13,38,44,6,391,24
00:16,37,9,23,855,24
00:27,15,2,6,158,24
00:30,66,1,5,78,24
00:32,32,37,10,801,24
00:37,24,14,6,536,8
00:39,44,1,6,175,24
00:42,66,34,11,266,8
00:47,49,12,42,136,24
01:07,35,22,6,335,24
01:10,38,39,6,491,24
01:13,22,31,4,812,24
01:14,46,20,4,30,24
01:16,67,34,2,500,24
01:17,20,49,4,376,24
01:19,14,24,5,900,24
01:21,3,36,6,182,8
01:24,55,50,5,285,24
01:27,40,38,13,309,4
01:33,42,11,6,724,24
01:35,35,34,5,757,8
01:38,43,22,4,96,8
01:40,52,16,21,235,24
01:49,30,38,6,360,24
01:52,61,9,21,322,8
02:02,23,45,5,724,24
02:04,46,34,12,28,24
02:10,41,31,5,621,24
02:12,67,45,13,455,24
02:18,31,11,6,753,24
02:21,47,15,6,313,24
02:24,18,29,4,518,24
02:26,3,24,12,897,24
02:31,14,45,4,623,24
02:33,68,8,5,328,8
02:36,59,24,6,488,24
02:38,24,25,5,635,8
02:41,26,45,5,599,24
02:43,48,43,6,185,24
02:46,49,42,6,859,24
02:49,34,13,4,360,8
02:51,65,4,9,790,24
02:55,61,27,10,805,24
02:59,37,26,6,598,24
03:02,34,38,18,296,24
03:11,52,31,6,680,8
03:13,36,3,6,229,24
03:16,70,31,4,898,24
03:18,10,32,4,336,24
03:20,48,46,3,457,24
03:21,49,12,21,678,24
03:31,21,42,5,413,24
03:33,15,43,6,544,24
03:36,49,9,4,804,8
03:38,20,26,4,456,24
03:40,26,23,56,85,8
04:06,30,1,6,482,24
04:09,23,25,15,395,24
04:16,65,46,6,1,8
04:19,29,20,4,557,8
04:21,13,49,4,499,24
04:22,54,34,4,434,24
04:24,24,12,4,381,8
04:26,61,42,6,788,24
04:29,62,39,4,411,24
04:31,1,15,18,453,8
04:39,63,18,5,70,24
04:42,8,40,35,475,24
04:58,64,28,4,559,24
05:00,35,34,4,565,4
05:02,26,9,6,696,24
05:04,22,3,12,132,8
05:10,46,5,4,599,24
05:12,52,17,10,667,24
05:17,26,26,19,723,8
05:25,34,38,6,556,24
05:28,50,28,46,789,24
05:50,15,13,5,865,24
05:52,67,4,4,682,8
05:54,54,14,5,649,24
05:56,46,25,6,90,4
05:59,62,31,22,749,24
06:09,21,46,5,239,24
06:12,58,18,4,307,24
06:14,66,13,23,753,8
06:24,66,1,6,140,8
06:27,1,46,5,97,24
06:29,56,22,6,28,24
06:32,52,50,6,175,24
06:35,1,1,4,607,8
06:37,18,19,6,699,24
06:40,41,32,4,386,24
06:42,64,37,8,529,24
06:45,31,38,8,759,8
06:49,69,21,5,14,24
06:51,4,32,28,534,8
07:04,21,40,49,310,24
07:27,17,39,5,271,24
07:30,64,37,5,124,8
07:32,44,7,29,103,24
07:45,13,50,4,315,24
07:47,24,9,6,121,24
07:50,31,16,5,88,8
07:52,38,16,26,744,24
08:05,54,4,5,22,24
08:07,62,14,6,529,24
08:10,23,48,5,813,8
08:12,67,24,15,633,24
08:19,15,21,5,54,24
08:21,66,22,15,32,24
08:28,15,22,40,331,24
08:47,30,22,46,118,24
09:09,59,25,6,688,24
09:11,70,37,5,444,24
09:14,38,6,5,374,8
09:16,13,29,5,386,24
09:18,51,15,6,331,6
09:21,18,28,3,227,24
09:23,23,50,5,887,24
09:25,67,3,21,36,24
09:35,42,29,5,864,4
09:37,34,33,6,611,24
09:40,34,13,26,864,24
09:52,36,50,13,522,24
09:58,9,25,5,475,24
10:00,41,5,4,468,24
10:02,37,4,6,73,8
10:05,67,24,12,683,8
10:11,41,35,4,500,24
10:12,46,29,5,891,24
10:15,61,24,4,626,8
10:17,4,44,20,442,24
10:26,34,9,5,198,24
10:28,54,31,4,37,8
10:30,3,38,6,891,24
10:33,47,18,4,459,24
10:35,19,28,6,657,8
10:38,66,20,5,372,24
10:40,67,12,5,184,24
10:42,10,45,4,559,24
10:44,7,18,6,194,24
10:47,31,46,4,167,24
10:49,3,12,5,505,24
10:51,53,9,57,343,24
11:18,70,44,10,663,8
11:22,51,4,4,701,24
11:24,62,7,40,641,24
11:43,67,24,5,683,24
11:45,64,14,4,898,24
11:47,21,37,6,131,24
11:50,53,17,20,369,24
11:59,3,18,5,544,24
12:02,23,20,4,123,24
12:04,2,23,19,134,24
12:12,64,19,6,238,24
12:15,70,21,6,164,24
12:18,22,32,5,409,24
12:20,46,39,4,321,24
12:22,70,8,5,153,8
12:25,35,15,9,545,24
12:29,43,41,4,593,24
12:31,24,2,5,318,24
12:33,43,39,21,590,24
12:43,27,16,19,36,8
12:52,32,16,17,376,24
13:00,46,21,6,267,24
13:02,35,35,6,391,24
13:05,13,36,5,874,24
13:07,65,41,5,239,8
13:10,39,31,5,750,24
13:12,53,24,17,53,24
13:20,28,50,12,63,24
13:26,46,5,16,236,8
13:33,53,27,6,823,4
13:36,43,29,6,743,24
13:39,56,28,6,793,24
13:42,60,27,8,570,24
13:45,3,32,26,617,24
13:57,41,44,6,105,24
14:00,15,29,4,842,24
14:02,1,43,5,556,24
14:04,54,39,9,668,24
14:09,21,24,5,207,8
14:11,48,34,17,823,6
14:19,32,16,6,860,24
14:22,48,34,4,144,4
14:24,17,50,33,387,24
14:39,12,45,4,692,24
14:41,3,42,15,352,8
14:48,19,41,5,885,24
14:50,15,34,4,343,24
14:52,53,24,6,472,24
14:55,17,32,5,19,24
14:57,33,19,4,898,24
14:59,66,11,6,35,24
15:02,25,18,4,782,24
15:04,59,47,5,61,8
15:06,20,10,8,406,24
15:10,17,12,5,714,24
15:12,18,25,44,774,24
15:33,47,38,6,127,4
15:35,44,21,5,728,24
15:38,46,35,5,598,4
15:40,59,11,4,48,8
15:42,8,1,6,846,24
15:45,69,37,6,689,24
15:48,60,37,4,855,8
15:49,53,7,13,331,24
15:55,10,6,56,213,24
16:22,22,31,5,515,8
16:24,52,23,12,291,4
16:30,3,26,4,865,8
16:31,23,39,4,871,24
16:33,52,27,5,696,8
16:36,9,45,5,361,24
16:38,22,12,5,868,24
16:40,68,6,14,653,24
16:47,30,39,5,243,6
16:49,40,5,41,241,8
17:08,3,26,12,744,24
17:14,41,17,45,154,24
17:35,41,33,5,428,8
17:37,19,27,5,572,24
17:40,31,31,4,221,24
17:41,52,34,13,372,24
17:47,41,45,6,314,24
17:50,5,8,4,554,8
17:52,38,32,9,100,24
17:56,10,5,6,100,24
17:59,23,31,5,218,24
18:01,29,23,5,146,24
18:04,17,45,4,156,24
18:06,21,43,6,690,24
18:08,44,26,12,523,24
18:14,53,31,5,354,24
18:16,69,6,19,121,24
18:25,64,2,6,108,24
18:28,70,35,6,611,24
18:31,43,33,6,458,24
18:34,2,46,18,298,8
18:42,20,23,38,322,24
19:00,67,26,9,258,8
19:04,57,22,5,188,8
19:06,36,34,6,508,24
19:09,51,26,15,714,24
19:16,32,46,4,264,8
19:18,46,46,6,643,24
19:21,65,36,6,99,24
19:24,70,31,3,487,8
19:25,59,7,5,6,24
19:27,29,21,12,630,8
19:33,62,5,5,746,24
19:35,19,35,5,516,8
19:38,53,21,4,121,6
19:39,49,12,6,333,24
19:42,8,26,27,585,8
19:55,20,15,5,405,24
19:57,19,11,5,324,24
20:00,60,26,21,317,24
20:09,47,46,5,541,24
20:12,23,45,9,58,24
20:16,46,25,17,213,24
20:24,34,34,5,299,24
20:26,41,5,4,890,24
20:28,20,27,4,20,24
20:30,35,22,6,435,24
20:33,11,38,6,604,24
20:35,20,8,4,24,24
20:37,9,31,6,268,24
20:40,34,45,5,124,24
20:42,20,21,4,867,8
20:44,7,13,4,329,24
20:46,48,8,5,801,24
20:49,41,39,34,378,24
21:04,12,1,4,60,24
21:06,26,42,5,540,24
21:09,70,42,4,635,8
21:10,14,5,5,28,24
21:13,22,20,4,859,24
21:15,56,47,6,60,8
21:17,17,48,54,865,24
21:43,48,1,6,483,24
21:45,54,20,16,869,24
21:53,9,32,5,558,24
21:55,8,27,6,115,8
21:58,33,25,5,310,24
22:00,1,31,27,436,8
22:13,49,21,15,900,8
22:20,68,24,4,178,8
22:22,23,45,2,469,24
22:23,10,36,5,428,8
22:25,66,19,4,282,8
22:27,7,26,17,237,8
22:35,49,8,6,219,8
22:38,12,3,9,486,8
22:42,66,29,4,231,8
22:44,52,18,6,531,8
22:47,5,2,6,729,8
22:49,4,48,17,220,8
22:57,66,13,6,737,8
23:00,11,41,28,15,8
23:13,47,34,5,710,6
23:16,46,39,6,297,6
23:18,38,22,5,147,6
23:21,46,32,5,441,6
23:23,43,17,19,541,6
23:32,32,31,18,861,6
23:40,34,33,4,538,6
23:42,40,16,5,588,6
23:44,38,17,4,431,6
23:46,38,39,6,853,6
23:49,48,31,13,725,6
