00:03,54,16,4,824,8
00:05,28,25,6,891,8
00:08,8,17,20,703,24
00:19,1,22,19,554,24
00:29,54,12,11,193,24
00:36,16,11,4,112,8
00:38,59,11,5,708,24
00:40,33,6,5,83,24
00:43,31,27,6,104,8
00:47,62,46,5,589,24
00:49,30,19,5,876,24
00:52,28,10,4,317,24
00:54,58,23,5,55,24
00:57,37,31,6,599,24
01:00,49,11,19,872,24
01:11,16,37,5,820,8
01:13,58,27,5,821,24
01:16,37,12,4,795,24
01:18,6,40,5,433,24
01:21,65,7,6,717,24
01:24,63,40,9,748,24
01:29,66,27,4,756,24
01:32,43,35,17,864,8
01:41,41,40,54,315,24
02:11,33,33,5,589,6
02:13,26,44,30,364,24
02:30,43,38,5,337,8
02:33,56,4,4,606,24
02:35,29,40,4,497,8
02:37,7,9,4,536,24
02:39,55,39,6,515,24
02:43,14,48,6,810,24
02:46,44,22,5,48,4
02:49,67,43,5,199,24
02:51,5,7,10,872,8
02:57,44,45,4,831,24
02:59,2,32,16,892,24
03:08,69,41,6,382,8
03:11,2,46,17,711,24
03:21,29,24,11,364,8
03:27,35,46,6,236,8
03:30,18,34,5,547,24
03:33,30,41,6,611,24
03:36,59,42,6,138,24
03:39,46,24,21,55,4
03:51,57,27,5,771,24
03:54,46,33,10,732,8
03:59,30,12,4,417,8
04:01,18,37,4,829,24
04:03,59,16,6,706,24
04:07,27,9,5,592,24
04:09,58,8,6,571,24
04:13,43,28,5,247,24
04:16,35,20,6,785,4
04:19,12,20,5,289,24
04:22,62,10,6,298,8
04:25,24,28,4,706,24
04:27,63,34,4,333,24
04:29,31,9,41,47,24
04:52,51,12,5,385,24
04:55,29,41,4,738,8
04:57,50,7,21,508,24
05:08,7,42,5,461,24
05:11,23,41,4,460,8
05:13,44,31,4,561,6
05:15,8,19,5,537,8
05:18,56,5,22,253,8
05:30,3,14,6,874,24
05:34,4,19,6,875,24
05:37,67,45,11,173,24
05:43,8,32,5,130,24
05:46,69,25,4,216,24
05:48,16,19,6,733,24
05:51,43,27,5,730,6
05:54,27,45,18,387,24
06:04,42,41,5,518,24
06:07,60,5,5,893,24
06:09,52,29,4,763,6
06:12,42,15,15,724,8
06:20,26,25,4,319,24
06:22,21,5,6,750,24
06:25,14,17,23,92,24
06:38,67,37,6,843,24
06:41,59,2,5,211,24
06:44,19,27,55,478,24
07:14,60,13,4,243,24
07:16,14,40,5,686,24
07:19,32,48,5,87,8
07:22,1,43,6,426,24
07:25,17,27,4,468,24
07:27,5,12,58,761,8
07:59,48,26,18,642,6
08:09,44,14,49,811,24
08:36,37,39,5,638,24
08:39,31,2,5,707,24
08:42,10,7,5,715,24
08:44,40,19,10,473,24
08:50,15,8,3,886,8
08:52,61,40,6,38,24
08:55,52,39,12,319,6
09:02,53,23,6,834,8
09:05,57,7,6,167,24
09:08,52,22,4,569,4
09:10,42,7,6,442,24
09:14,30,9,2,734,24
09:15,52,23,4,85,24
09:17,33,23,4,92,8
09:19,33,3,13,892,8
09:26,25,37,5,522,24
09:29,50,25,30,316,24
09:46,6,46,19,248,8
09:56,19,23,11,28,24
10:02,23,25,51,219,8
10:30,54,23,6,355,8
10:33,30,39,13,138,24
10:41,25,13,5,102,8
10:43,39,12,5,58,24
10:46,3,27,5,436,24
10:49,47,42,20,683,8
11:00,46,47,4,46,8
11:02,33,9,5,579,24
11:05,19,9,20,173,24
11:16,35,41,6,291,8
11:19,38,45,6,536,8
11:22,50,28,4,197,6
11:25,46,27,5,27,24
11:27,3,11,13,581,8
11:34,46,14,6,637,24
11:38,30,31,4,578,24
11:40,34,47,6,612,24
11:43,60,19,16,335,24
11:52,69,38,4,91,24
11:54,46,11,5,542,24
11:57,41,34,6,859,6
12:00,44,27,6,421,4
12:04,6,6,4,763,8
12:06,6,15,4,259,24
12:08,16,22,4,805,24
12:10,40,11,10,696,24
12:16,34,44,5,144,24
12:18,9,26,4,112,24
12:21,26,39,5,588,24
12:23,49,31,5,893,4
12:26,14,17,4,290,24
12:28,62,8,6,120,8
12:32,63,34,4,221,24
12:34,18,1,5,477,24
12:37,42,39,29,522,24
12:53,11,39,6,649,24
12:56,4,28,5,887,24
12:59,27,38,4,345,24
13:01,4,13,5,131,8
13:04,20,18,4,392,24
13:06,36,34,5,244,24
13:08,59,14,5,257,24
13:11,19,4,5,630,24
13:14,34,26,5,471,24
13:17,9,28,18,772,24
13:27,3,33,6,99,24
13:30,18,34,3,292,8
13:32,67,29,17,534,24
13:41,54,5,4,251,24
13:43,67,11,4,552,24
13:45,41,39,5,885,24
13:48,37,11,6,367,24
13:51,52,6,6,768,8
13:55,10,31,9,317,8
14:00,62,48,8,307,24
14:04,46,17,5,582,8
14:07,18,39,4,615,24
14:09,68,21,5,161,8
14:12,26,38,6,515,24
14:15,2,3,5,670,24
14:18,17,21,6,608,24
14:21,33,28,31,253,24
14:38,54,42,6,765,24
14:41,14,39,41,445,8
15:04,6,37,5,505,8
15:07,28,33,6,142,8
15:10,51,34,4,45,4
15:12,52,21,37,761,24
15:33,7,22,5,757,24
15:35,11,22,13,620,24
15:42,8,29,6,565,24
15:46,17,23,14,164,24
15:53,37,13,4,567,24
15:56,44,27,15,107,24
16:04,21,43,23,159,24
16:17,27,12,6,585,8
16:20,17,31,6,605,24
16:23,46,29,6,587,8
16:26,2,40,4,853,24
16:29,69,38,6,597,24
16:32,56,50,28,736,8
16:47,32,18,6,2,24
16:51,66,40,6,785,24
16:54,63,18,5,256,24
16:57,42,38,5,138,24
16:59,49,43,6,70,24
17:03,31,22,5,289,24
17:06,49,35,4,581,6
17:08,62,37,19,512,24
17:18,67,13,17,679,24
17:28,14,15,13,747,24
17:35,19,39,20,25,24
17:46,57,26,6,371,24
17:49,44,8,6,473,8
17:52,22,1,6,649,8
17:56,63,31,5,55,24
17:58,61,15,5,365,24
18:01,9,22,6,323,24
18:04,33,4,2,14,8
18:05,57,18,5,764,24
18:08,17,21,5,711,8
18:11,60,48,42,410,24
18:34,22,26,13,260,24
18:41,61,46,4,464,24
18:43,55,15,5,77,24
18:46,50,31,2,253,24
18:47,23,1,14,495,24
18:55,3,38,5,697,24
18:58,70,22,6,570,24
19:01,69,42,5,621,24
19:04,24,48,4,182,8
19:06,29,3,37,660,24
19:26,58,48,5,333,24
19:29,35,9,6,301,8
19:32,33,49,5,736,24
19:35,25,37,4,735,24
19:37,39,7,20,628,24
19:48,31,9,5,368,24
19:51,8,7,5,697,24
19:54,15,31,13,482,8
20:01,4,25,4,11,24
20:03,12,26,4,693,24
20:05,36,46,6,182,8
20:09,50,20,4,633,24
20:11,57,10,4,701,24
20:13,27,41,4,83,24
20:15,61,39,6,605,8
20:19,19,2,6,317,24
20:22,56,22,15,327,24
20:30,16,28,5,683,24
20:33,49,41,15,515,24
20:41,32,6,6,691,24
20:44,38,36,45,781,8
21:09,48,50,6,888,24
21:12,61,31,4,421,24
21:15,49,16,5,271,24
21:17,52,15,29,572,24
21:33,8,32,4,441,24
21:36,65,9,5,779,8
21:38,30,34,12,52,24
21:45,22,15,6,697,24
21:48,21,7,6,399,8
21:52,23,7,16,174,24
22:00,39,37,4,433,8
22:03,7,22,13,137,24
22:10,12,17,23,740,24
22:22,63,5,6,784,24
22:26,12,6,5,368,24
22:28,11,47,4,354,24
22:31,51,5,5,280,24
22:33,24,42,4,411,24
22:36,64,7,21,124,24
22:47,12,37,4,714,24
22:49,48,48,5,82,24
22:52,42,44,4,683,24
22:54,61,22,4,352,24
22:56,51,8,19,24,24
23:07,19,40,14,2,24
23:15,12,5,5,278,24
23:17,43,25,17,329,24
23:27,35,39,4,74,6
23:29,48,29,4,514,6
23:31,54,24,5,878,6
23:34,48,17,5,840,6
23:37,30,35,5,186,6
23:39,42,24,4,537,6
23:42,34,17,5,750,6
23:44,46,25,5,893,6
23:47,52,22,4,451,6
