00:01,24,28,5,349,24
00:04,63,23,4,498,24
00:06,38,33,14,443,6
00:15,16,22,5,175,8
00:18,68,39,16,344,8
00:28,51,5,15,368,24
00:37,36,1,22,798,8
00:50,12,45,5,868,8
00:54,70,10,6,71,24
00:57,3,9,5,826,24
01:00,46,34,4,889,8
01:03,22,29,20,259,24
01:15,4,28,5,862,24
01:18,34,22,5,588,24
01:21,14,37,6,465,24
01:25,1,44,4,114,8
01:27,17,48,19,676,8
01:39,9,48,6,623,8
01:43,37,19,5,704,6
01:46,36,15,5,25,24
01:49,29,31,6,174,8
01:53,15,47,4,64,8
01:55,48,8,6,303,24
01:59,16,7,4,869,24
02:01,68,10,9,815,8
02:07,36,25,19,104,24
02:19,51,36,6,90,24
02:22,14,33,12,58,8
02:30,42,26,4,551,24
02:32,53,37,10,572,4
02:38,6,31,6,265,24
02:42,5,24,4,819,24
02:45,18,44,6,858,8
02:48,11,24,4,68,24
02:51,63,31,4,430,24
02:53,53,26,6,143,24
02:57,23,50,35,359,8
03:18,9,12,5,180,24
03:22,51,35,4,400,24
03:24,49,37,36,601,24
03:46,22,14,17,679,24
03:57,39,48,6,633,24
04:00,70,50,21,722,24
04:13,34,37,4,32,6
04:16,30,38,6,885,24
04:20,46,27,6,722,6
04:23,52,23,21,184,4
04:36,52,19,4,74,8
04:39,14,49,6,245,8
04:42,16,31,3,405,24
04:44,64,4,6,261,8
04:48,60,38,20,843,24
05:00,21,6,3,392,24
05:02,38,34,6,889,8
05:06,56,7,4,870,24
05:08,57,34,5,644,8
05:11,26,28,2,512,24
05:13,13,48,5,638,8
05:16,38,12,18,667,24
05:27,40,1,5,19,24
05:30,37,2,19,671,24
05:42,69,33,5,586,24
05:45,39,14,6,787,24
05:48,24,22,5,847,8
05:51,34,35,27,731,24
06:08,11,46,5,567,24
06:11,15,39,4,411,24
06:14,48,33,4,222,8
06:16,56,16,4,130,24
06:19,9,42,4,125,24
06:21,63,17,4,593,8
06:23,52,48,5,241,24
06:27,8,17,9,325,24
06:32,40,35,4,840,24
06:35,62,12,4,619,24
06:37,38,38,13,373,8
06:45,48,34,5,535,6
06:48,25,31,9,312,24
06:54,49,5,6,859,24
06:57,29,42,17,510,8
07:08,16,36,6,765,24
07:12,51,25,6,562,8
07:15,49,48,5,815,24
07:18,63,49,4,222,24
07:21,64,22,4,14,24
07:23,23,41,6,469,8
07:27,15,8,4,633,24
07:29,31,20,15,505,24
07:39,53,38,21,494,6
07:52,53,8,6,326,24
07:55,33,11,6,181,24
07:59,39,8,4,756,8
08:02,3,20,6,493,8
08:05,39,13,5,478,24
08:08,60,42,20,580,8
08:21,62,21,4,780,24
08:23,8,47,15,647,24
08:32,12,5,4,358,24
08:35,23,1,6,173,24
08:39,35,8,13,430,24
08:47,62,24,4,167,24
08:49,48,36,4,655,24
08:51,69,8,15,120,24
09:01,56,25,42,194,8
09:27,53,8,5,343,24
09:30,50,31,6,478,24
09:33,64,23,21,586,24
09:46,48,44,40,807,24
10:11,66,24,5,776,24
10:14,11,7,5,147,24
10:17,49,17,6,897,24
10:21,51,13,5,119,24
10:24,48,21,6,892,8
10:28,34,10,21,212,24
10:41,11,41,4,490,24
10:43,33,10,5,866,8
10:46,5,12,35,398,24
11:08,60,46,18,608,8
11:19,47,23,4,553,8
11:21,53,36,5,506,24
11:24,57,14,5,107,8
11:27,49,28,15,263,8
11:37,50,4,15,437,8
11:46,3,34,14,270,24
11:55,20,22,6,564,8
11:58,9,24,6,838,24
12:02,25,13,5,459,24
12:05,13,45,4,493,24
12:08,42,44,4,597,24
12:10,1,7,5,174,24
12:13,32,39,5,898,24
12:16,67,39,11,98,24
12:23,44,36,15,526,4
12:32,42,8,3,48,8
12:34,24,25,21,824,24
12:47,68,44,6,794,24
12:51,19,1,58,667,24
13:26,69,12,8,134,24
13:31,8,48,5,317,8
13:35,50,9,11,439,8
13:41,43,32,19,449,24
13:53,11,44,6,59,24
13:57,15,16,4,882,8
13:59,38,26,5,260,6
14:02,21,18,5,471,24
14:05,56,47,6,238,24
14:09,67,16,20,405,24
14:21,69,2,5,210,24
14:24,58,49,6,592,24
14:28,26,46,5,35,24
14:31,17,43,4,844,8
14:34,29,50,6,678,8
14:37,7,9,4,151,24
14:40,62,6,5,361,8
14:43,66,13,12,259,24
14:50,63,14,5,891,24
14:53,63,43,20,552,24
15:06,44,33,6,138,24
15:09,34,23,6,13,6
15:13,52,2,6,457,24
15:17,70,41,4,313,24
15:19,48,42,5,386,8
15:22,28,43,34,782,24
15:43,13,22,5,523,8
15:46,52,13,4,429,8
15:49,11,2,19,382,8
16:01,20,7,4,99,24
16:03,32,26,5,853,24
16:06,69,14,16,288,24
16:16,2,14,4,49,24
16:19,17,7,4,843,24
16:21,32,40,4,623,24
16:23,57,5,6,74,24
16:27,48,15,6,86,8
16:31,40,15,4,71,24
16:33,31,48,27,48,24
16:50,13,26,14,498,8
16:59,50,10,5,66,24
17:02,27,48,5,136,24
17:05,6,16,56,360,24
17:39,56,41,4,591,8
17:42,68,40,6,833,24
17:45,34,39,6,111,24
17:49,7,8,6,180,24
17:53,5,44,12,268,24
18:00,23,45,20,724,24
18:13,5,19,31,165,24
18:32,13,35,4,737,24
18:34,18,26,22,546,24
18:48,25,34,6,186,8
18:51,67,7,29,813,8
19:09,33,6,4,733,24
19:12,65,31,16,590,24
19:22,48,26,6,834,8
19:25,57,20,52,875,24
19:57,56,6,4,639,8
20:00,31,15,6,198,24
20:04,46,20,6,744,8
20:07,42,23,34,830,24
20:28,11,14,5,594,24
20:31,28,31,4,3,24
20:34,55,27,6,485,24
20:38,13,3,5,717,24
20:41,22,14,4,457,24
20:43,35,44,6,856,24
20:47,41,13,5,410,8
20:50,12,16,18,270,24
21:01,30,50,4,701,8
21:03,27,13,2,601,8
21:05,26,17,6,882,24
21:08,7,1,4,690,24
21:11,53,7,6,102,24
21:15,9,31,21,752,24
21:27,6,46,24,191,24
21:42,33,42,6,465,24
21:46,56,15,5,569,24
21:49,6,1,6,746,24
21:53,14,29,6,268,24
21:56,52,49,6,116,24
22:00,20,7,5,827,24
22:03,49,4,4,631,24
22:06,66,34,12,877,24
22:13,4,19,5,8,24
22:16,15,40,14,841,24
22:25,4,12,6,703,8
22:29,57,5,4,493,24
22:31,36,16,4,790,24
22:33,52,25,5,139,24
22:37,61,19,12,389,24
22:44,62,44,48,389,24
23:14,36,43,4,638,24
23:16,62,31,6,315,24
23:20,56,46,6,426,24
23:23,34,47,5,184,24
23:27,29,21,4,268,24
23:29,70,3,4,275,24
23:31,11,41,4,586,8
23:34,54,22,6,580,24
23:38,38,31,5,619,8
23:41,38,16,27,54,6
