00:01,51,39,19,292,4
00:10,23,41,5,880,8
00:12,12,33,6,128,24
00:15,1,50,6,832,8
00:18,29,14,5,597,24
00:20,35,2,21,54,24
00:30,48,34,4,371,24
00:32,14,23,6,489,24
00:35,47,5,4,424,8
00:37,6,46,6,436,8
00:40,14,45,36,804,24
00:58,9,16,15,848,8
01:05,14,31,53,887,24
01:30,48,36,11,92,24
01:36,29,1,4,15,24
01:38,22,50,6,330,8
01:41,27,13,4,86,8
01:42,49,38,3,66,4
01:44,8,49,6,244,24
01:47,5,32,6,676,24
01:50,25,23,5,278,24
01:52,50,16,4,386,24
01:54,46,49,42,53,24
02:14,38,31,6,596,24
02:17,65,5,9,830,8
02:22,60,1,6,295,8
02:25,15,5,4,492,24
02:26,29,33,4,635,24
02:28,49,27,11,123,24
02:34,48,41,4,120,24
02:36,47,44,22,528,8
02:46,60,23,6,718,8
02:49,52,41,10,257,24
02:54,38,34,4,329,8
02:56,59,37,6,843,24
02:59,13,20,4,448,24
03:01,34,44,5,45,24
03:03,4,8,5,52,24
03:06,48,31,6,11,8
03:09,14,44,5,92,24
03:11,43,11,11,384,24
03:16,8,14,5,774,24
03:19,32,24,10,764,6
03:24,70,48,5,525,8
03:26,13,34,5,161,8
03:28,34,14,6,405,24
03:31,24,11,6,690,24
03:34,8,43,4,95,24
03:36,2,38,6,124,24
03:39,49,45,12,299,24
03:45,35,29,6,521,24
03:48,65,2,21,794,24
03:58,5,12,6,519,24
04:01,12,48,6,883,24
04:04,44,37,6,527,24
04:07,44,43,50,548,24
04:31,4,48,6,710,8
04:34,29,5,6,677,8
04:36,44,41,46,627,24
04:59,47,11,5,714,24
05:01,18,48,9,673,24
05:05,34,44,6,233,8
05:08,47,31,5,642,24
05:11,1,2,4,461,8
05:13,51,11,4,180,24
05:15,63,5,4,753,24
05:17,33,18,4,131,6
05:19,10,36,4,800,8
05:20,9,1,15,445,24
05:28,6,22,19,26,8
05:37,10,47,4,120,24
05:39,61,44,56,202,24
06:06,22,16,34,795,24
06:22,9,11,6,510,24
06:25,51,19,6,406,24
06:28,39,21,4,631,24
06:30,32,42,46,184,24
06:52,46,42,5,24,24
06:55,32,46,4,384,24
06:57,69,22,4,601,24
06:59,68,44,5,728,24
07:01,22,25,6,593,24
07:04,19,44,5,646,24
07:06,36,24,6,162,8
07:09,42,21,40,841,6
07:29,35,46,6,864,24
07:31,6,42,6,422,24
07:34,29,3,22,772,24
07:45,26,10,10,87,24
07:50,70,13,21,869,24
08:00,65,33,25,892,24
08:12,58,12,41,484,24
08:32,33,36,4,160,6
08:34,65,37,4,21,8
08:36,2,29,47,673,24
08:58,67,41,50,49,8
09:23,58,41,4,459,24
09:25,52,34,5,734,24
09:27,23,26,5,251,24
09:29,13,9,6,320,8
09:32,26,15,17,635,24
09:41,11,12,6,505,24
09:43,17,32,10,293,24
09:48,37,7,6,184,24
09:51,15,42,6,552,24
09:54,57,4,59,2,8
10:23,46,23,14,41,4
10:29,57,17,5,561,8
10:32,35,40,6,754,24
10:35,44,44,13,797,24
10:41,17,38,5,51,24
10:43,3,45,5,477,24
10:46,62,12,6,269,24
10:49,22,48,4,529,8
10:51,10,43,50,208,24
11:15,37,27,5,129,24
11:17,29,4,4,805,24
11:19,54,46,38,824,24
11:37,44,45,4,288,24
11:39,25,2,4,676,24
11:41,68,36,4,528,24
11:43,19,49,54,309,24
12:09,28,29,5,692,8
12:12,40,16,16,145,6
12:20,65,31,5,456,24
12:22,41,1,9,756,24
12:26,47,23,5,637,6
12:29,33,18,5,497,24
12:31,2,36,5,592,24
12:34,49,20,6,96,4
12:36,68,2,5,394,24
12:39,2,7,6,26,24
12:42,69,31,19,304,24
12:51,64,3,4,366,24
12:53,5,28,5,18,8
12:55,5,11,4,118,24
12:57,46,34,5,670,24
13:00,47,26,4,314,24
13:02,25,44,13,813,24
13:08,33,48,22,439,8
13:18,49,15,6,822,8
13:21,46,47,4,367,8
13:23,18,32,4,676,8
13:25,49,4,19,387,24
13:34,20,22,4,545,24
13:36,43,18,5,38,24
13:39,53,31,5,568,24
13:41,48,24,6,140,8
13:44,9,38,4,355,24
13:46,26,43,5,241,24
13:48,61,40,4,110,24
13:50,10,21,5,360,24
13:53,51,6,4,714,8
13:55,10,16,6,630,24
13:58,15,35,4,506,24
14:00,68,45,5,139,24
14:02,32,48,6,70,24
14:05,18,29,6,244,24
14:08,41,32,4,478,24
14:10,19,1,6,198,8
14:13,46,20,6,466,6
14:16,32,19,6,418,24
14:18,67,31,18,670,24
14:27,58,46,14,344,24
14:34,61,44,4,228,8
14:36,39,2,32,209,24
14:51,24,32,20,739,8
15:01,4,4,5,309,8
15:03,44,45,4,243,24
15:05,43,9,6,457,24
15:08,24,23,6,867,24
15:11,26,33,12,125,8
15:17,30,18,5,174,24
15:19,40,39,54,53,24
15:45,47,17,5,787,8
15:48,53,14,6,900,8
15:51,55,28,6,596,24
15:54,52,7,4,741,24
15:56,6,3,5,107,24
15:58,17,13,21,350,24
16:08,46,10,4,834,8
16:10,49,21,16,294,4
16:18,29,34,6,340,24
16:21,53,38,19,139,24
16:30,28,31,5,35,24
16:32,40,18,13,735,24
16:39,54,2,12,750,24
16:44,67,26,12,336,24
16:50,56,6,15,798,8
16:57,69,19,28,284,8
17:11,64,42,6,486,8
17:14,40,26,4,865,24
17:16,59,14,6,478,24
17:19,61,35,31,317,24
17:34,23,14,5,809,24
17:36,6,2,4,685,24
17:38,57,19,13,223,24
17:44,1,17,5,759,8
17:47,53,31,5,613,8
17:49,69,29,4,256,24
17:51,19,11,5,329,24
17:54,15,13,4,828,24
17:55,9,21,4,773,24
17:57,25,2,6,440,8
18:00,70,43,6,468,24
18:03,15,34,10,103,24
18:08,37,11,4,363,24
18:10,2,28,6,317,24
18:13,37,22,22,9,24
18:23,39,23,5,136,24
18:26,21,27,21,385,24
18:36,34,25,4,704,24
18:38,20,11,4,206,8
18:40,56,47,5,828,24
18:42,66,26,4,111,24
18:44,39,17,6,722,24
18:47,8,32,37,616,24
19:05,44,34,6,340,24
19:08,46,32,4,253,6
19:10,46,28,5,503,24
19:12,15,35,3,683,24
19:14,37,26,2,681,24
19:15,15,26,29,620,24
19:29,4,39,5,147,24
19:31,1,29,55,306,24
19:58,42,3,6,474,8
20:01,54,31,5,79,6
20:03,57,19,6,81,8
20:06,25,5,11,457,24
20:11,17,42,4,641,8
20:13,48,19,4,341,24
20:15,16,5,26,878,24
20:28,4,7,16,174,24
20:35,69,10,19,469,24
20:45,44,17,6,197,6
20:48,20,29,4,32,8
20:49,56,50,6,335,24
20:52,62,8,11,676,24
20:58,31,9,4,610,24
21:00,30,27,15,275,24
21:07,41,6,2,729,24
21:08,2,22,2,243,8
21:09,18,35,6,329,8
21:12,11,13,26,294,24
21:24,41,12,32,872,24
21:40,54,3,4,42,24
21:42,12,34,14,520,8
21:48,58,14,13,386,24
21:55,32,49,2,384,24
21:56,30,48,4,746,24
21:58,16,7,4,561,24
22:00,55,36,5,804,24
22:02,33,27,6,22,8
22:05,48,29,5,781,8
22:07,49,33,12,182,8
22:13,41,35,6,862,8
22:16,70,1,6,444,8
22:19,46,36,6,789,6
22:22,10,31,4,670,8
22:24,27,45,5,250,8
22:26,61,24,4,88,8
22:28,14,8,6,668,8
22:31,53,21,4,646,8
22:33,11,20,6,767,8
22:36,11,43,6,891,8
22:39,31,17,6,146,6
22:42,37,24,4,107,6
22:44,7,48,18,794,8
22:52,26,26,18,103,8
23:01,46,12,6,168,8
23:04,17,42,5,230,8
23:06,5,50,5,410,8
23:09,2,32,8,367,8
23:13,46,34,1,268,6
23:13,4,31,6,48,8
23:16,34,29,5,839,8
23:18,43,2,4,681,8
23:20,3,50,4,432,8
23:22,49,19,14,221,8
23:29,35,1,5,542,8
23:31,59,33,5,658,8
23:34,69,19,4,865,8
23:36,65,9,4,457,8
23:38,10,10,4,521,8
23:40,62,4,3,869,8
