00:02,13,3,6,744,24
00:04,22,33,6,385,24
00:06,64,19,17,782,8
00:12,20,16,38,384,24
00:26,46,43,6,261,8
00:28,41,24,6,556,24
00:30,53,22,14,203,24
00:36,34,6,6,802,24
00:38,58,37,5,486,24
00:40,24,19,36,216,24
00:53,64,33,6,310,24
00:55,41,31,4,49,24
00:57,40,37,6,359,8
00:59,2,21,4,261,24
01:00,9,7,56,54,24
01:21,57,16,8,138,8
01:24,21,47,6,447,24
01:26,52,24,6,600,24
01:28,55,44,4,614,24
01:30,10,19,15,695,24
01:35,55,48,2,647,8
01:36,55,19,6,805,24
01:38,65,34,22,667,24
01:46,47,18,4,15,8
01:47,39,6,24,704,24
01:56,44,43,18,82,24
02:03,65,6,5,551,24
02:05,2,23,21,541,24
02:12,66,21,5,180,24
02:14,61,15,11,340,24
02:18,9,33,13,533,24
02:23,2,3,5,641,24
02:25,26,34,4,859,24
02:26,53,18,10,167,24
02:30,65,14,4,326,24
02:31,30,27,4,885,24
02:33,20,29,23,104,24
02:41,9,5,6,153,24
02:44,16,11,4,751,24
02:45,70,4,5,812,24
02:47,62,29,4,795,24
02:48,42,27,4,351,4
02:50,11,39,4,246,24
02:51,26,38,16,559,8
02:57,17,43,5,606,24
02:59,34,44,2,97,24
03:00,66,19,4,53,24
03:01,41,46,4,666,8
03:03,63,8,6,566,24
03:05,1,38,15,301,8
03:10,6,37,19,816,8
03:17,58,34,6,317,24
03:20,51,21,5,70,24
03:21,69,46,6,413,24
03:24,69,7,4,257,24
03:25,15,23,6,841,8
03:27,68,21,46,785,24
03:44,6,46,41,648,24
03:59,2,6,5,377,24
04:01,33,21,53,319,24
04:20,57,6,4,530,24
04:22,21,26,17,143,24
04:28,35,12,5,682,24
04:30,27,49,9,162,24
04:33,9,33,13,138,24
04:38,30,18,4,138,6
04:39,31,10,5,76,24
04:41,10,34,6,755,24
04:43,7,25,52,858,24
05:03,5,17,4,259,24
05:04,50,43,4,247,8
05:05,36,47,5,559,24
05:07,69,16,6,147,8
05:10,46,27,22,356,24
05:18,39,44,16,814,24
05:23,41,28,32,269,24
05:35,33,15,5,88,24
05:37,31,44,36,811,24
05:50,17,8,10,148,24
05:54,53,16,19,255,24
06:01,54,13,51,485,24
06:20,17,48,4,539,24
06:21,58,47,4,432,24
06:22,22,13,5,472,8
06:24,13,1,22,463,24
06:32,56,40,4,250,24
06:34,48,44,17,514,24
06:40,63,7,12,489,8
06:44,31,16,4,497,8
06:46,52,31,5,339,24
06:48,35,31,4,730,8
06:49,58,42,17,66,24
06:55,54,45,6,863,8
06:58,48,6,4,515,24
06:59,13,10,4,470,8
07:01,5,7,6,868,24
07:03,13,3,5,308,8
07:05,41,36,5,249,8
07:06,53,16,9,369,8
07:10,33,12,6,728,8
07:12,54,28,15,757,24
07:17,68,40,6,806,24
07:20,31,50,8,630,24
07:23,61,8,37,407,24
07:36,33,26,21,496,8
07:44,59,34,3,898,8
07:45,55,28,6,347,8
07:47,35,29,21,600,8
07:55,18,11,18,85,24
08:01,62,35,4,744,24
08:03,15,10,22,735,8
08:11,52,15,4,656,24
08:12,40,49,5,740,24
08:14,20,27,19,87,8
08:21,53,22,12,570,6
08:26,8,50,6,815,8
08:28,14,16,14,812,8
08:33,7,19,4,522,24
08:34,62,20,5,108,24
08:36,8,9,5,472,24
08:38,11,40,22,398,8
08:46,53,48,5,383,24
08:48,17,41,14,305,24
08:53,66,1,20,157,24
09:01,5,4,10,201,8
09:04,22,16,8,805,24
09:07,25,10,6,200,24
09:09,54,26,4,634,4
09:11,10,21,6,630,24
09:13,38,20,12,336,4
09:17,58,7,4,895,24
09:19,61,12,6,837,24
09:21,3,39,17,627,24
09:27,67,14,5,350,8
09:29,59,25,6,160,24
09:31,2,18,5,456,24
09:33,12,36,6,422,8
09:35,39,32,4,859,24
09:37,56,46,5,803,24
09:39,13,49,6,305,24
09:41,42,46,19,285,24
09:48,25,12,6,44,24
09:50,69,40,6,505,8
09:52,9,44,4,691,8
09:54,34,5,5,469,24
09:56,67,17,6,429,24
09:58,22,9,4,845,24
09:59,44,41,25,248,24
10:08,17,45,4,57,24
10:10,46,39,11,404,4
10:14,25,9,4,773,24
10:15,15,9,4,455,8
10:17,9,18,5,338,24
10:19,68,42,5,711,8
10:20,52,10,5,113,24
10:22,10,50,4,261,8
10:24,9,26,12,758,24
10:28,2,16,4,679,24
10:30,37,29,5,558,24
10:31,58,43,5,512,24
10:33,62,11,6,272,24
10:35,41,29,5,585,4
10:37,56,7,22,16,24
10:45,41,29,6,439,24
10:48,51,14,6,418,24
10:50,48,21,6,414,8
10:52,64,26,4,728,24
10:53,39,22,6,742,24
10:56,65,2,6,676,24
10:58,42,33,6,461,24
11:00,52,10,16,710,8
11:06,33,5,40,365,8
11:21,1,11,5,861,24
11:22,46,8,4,321,24
11:24,37,17,52,468,24
11:43,34,19,4,533,24
11:44,12,3,5,147,24
11:46,14,10,4,458,24
11:48,2,47,4,540,24
11:49,61,4,6,891,24
11:51,35,10,4,445,24
11:53,36,33,17,15,24
11:59,21,6,5,5,24
12:01,50,31,5,523,24
12:03,44,5,6,613,8
12:05,28,7,5,846,24
12:07,48,47,5,208,8
12:09,42,2,26,749,8
12:18,13,4,5,499,24
12:20,1,50,6,536,24
12:22,8,33,4,873,8
12:24,4,50,6,82,8
12:26,15,6,4,633,8
12:27,21,24,19,204,24
12:34,27,20,4,843,24
12:36,36,23,4,839,24
12:37,58,1,6,63,24
12:39,10,6,4,898,24
12:41,24,8,4,496,8
12:42,4,17,4,781,24
12:44,50,44,6,291,8
12:46,37,18,4,313,24
12:47,60,24,4,407,24
12:49,18,42,6,761,24
12:51,56,4,6,288,24
12:53,40,49,4,132,24
12:55,42,20,5,870,24
12:57,17,47,5,601,24
12:58,53,29,5,380,6
13:00,59,39,5,403,24
13:02,46,28,6,412,8
13:04,46,45,4,25,24
13:06,5,21,17,65,24
13:12,47,7,5,117,24
13:14,63,2,6,602,24
13:16,3,17,4,155,24
13:18,61,9,4,29,8
13:19,50,7,6,841,8
13:21,22,10,43,329,8
13:37,49,38,42,484,24
13:52,16,16,5,244,24
13:54,50,31,4,519,4
13:56,27,17,4,321,24
13:57,29,6,5,464,24
13:59,15,14,4,850,8
14:00,55,11,5,244,24
14:02,46,41,5,577,24
14:04,57,31,4,767,24
14:06,8,36,6,237,24
14:08,5,28,5,705,24
14:10,27,17,6,784,8
14:12,5,41,5,574,8
14:14,37,23,5,539,24
14:15,5,41,5,323,8
14:17,27,46,5,264,24
14:19,2,50,4,714,24
14:21,12,3,6,657,24
14:23,68,10,5,342,24
14:25,61,13,4,209,8
14:26,28,50,4,704,24
14:28,20,10,6,834,24
14:30,26,42,5,722,24
14:32,34,36,6,230,24
14:34,10,12,6,114,24
14:36,65,19,5,817,8
14:38,32,50,22,725,24
14:46,58,1,5,873,24
14:48,56,34,22,779,24
14:56,46,42,17,859,24
15:02,65,12,21,668,8
15:10,65,5,4,448,24
15:11,3,3,5,341,24
15:13,56,2,6,67,24
15:15,7,21,14,490,24
15:20,4,2,28,436,8
15:31,35,39,4,381,4
15:32,58,16,4,371,24
15:34,23,17,6,94,8
15:36,19,23,5,127,24
15:38,48,20,6,205,8
15:40,49,39,9,224,24
15:43,52,31,4,632,24
15:45,19,50,18,215,24
15:51,49,26,5,62,24
15:53,61,35,49,150,24
16:11,48,39,22,619,24
16:19,27,13,4,597,24
16:21,58,48,6,466,24
16:23,52,35,10,780,24
16:26,20,16,5,659,24
16:28,13,37,19,77,24
16:35,63,34,18,298,24
16:42,10,3,6,369,24
16:44,25,33,17,700,24
16:50,68,35,6,693,24
16:52,47,23,5,175,24
16:54,3,28,4,457,24
16:56,16,10,6,877,24
16:58,49,37,4,73,6
16:59,65,3,16,216,24
17:05,52,38,5,303,6
17:07,11,32,14,566,24
17:12,50,22,37,79,24
17:26,65,27,6,599,8
17:28,24,6,23,236,24
17:36,51,26,11,570,6
17:40,51,48,5,297,24
17:42,31,26,16,178,24
17:48,67,23,4,761,24
17:50,38,18,6,709,6
17:52,51,35,9,699,24
17:55,18,38,4,233,24
17:57,14,49,6,13,24
17:59,8,17,4,105,8
18:00,43,31,5,845,24
18:02,23,43,4,179,24
18:04,64,37,4,121,24
18:05,41,22,5,596,4
18:07,42,15,5,352,24
18:09,22,48,5,463,24
18:11,63,49,5,621,24
18:12,28,10,4,477,24
18:14,1,3,50,312,24
18:32,7,33,17,537,24
18:38,8,5,5,246,24
18:40,29,15,4,348,24
18:42,28,48,55,253,24
19:02,3,11,5,452,24
19:04,7,40,5,293,8
19:06,15,18,6,338,24
19:08,37,38,4,553,24
19:09,29,31,2,479,24
19:10,20,7,18,773,24
19:17,13,28,5,475,24
19:18,11,27,4,18,24
19:20,14,46,4,467,24
19:21,35,26,4,438,24
19:23,69,17,6,856,24
19:25,27,8,15,394,24
19:30,22,8,18,510,24
19:37,22,13,3,253,8
19:38,43,39,4,832,4
19:40,23,44,11,837,24
19:44,32,45,6,278,8
19:46,42,7,12,252,24
19:50,16,31,29,847,24
20:01,51,13,17,11,24
20:07,9,48,5,287,24
20:09,43,19,6,406,8
20:11,4,26,6,344,24
20:13,30,43,4,60,8
20:15,69,49,6,276,24
20:17,24,31,13,61,24
20:22,52,48,6,786,24
20:24,46,43,4,1,24
20:25,10,47,6,472,8
20:28,15,31,5,251,8
20:29,55,26,11,304,24
20:34,15,13,13,354,24
20:38,28,39,4,37,24
20:40,32,37,4,719,24
20:41,20,44,4,474,24
20:43,65,11,6,523,24
20:45,37,38,5,216,24
20:47,20,25,5,27,24
20:49,30,40,4,562,24
20:50,68,10,22,400,8
20:58,34,42,4,858,24
21:00,67,10,5,269,8
21:01,3,41,5,34,24
21:03,40,40,12,834,24
21:08,21,47,21,503,24
21:15,40,37,6,504,4
21:18,17,35,6,815,8
21:20,29,41,47,417,8
21:37,18,6,16,160,24
21:43,21,31,22,496,24
21:51,54,28,6,900,24
21:53,42,29,9,521,8
21:56,61,26,5,43,8
21:58,57,49,4,590,8
22:00,16,5,5,742,24
22:02,63,40,5,497,24
22:03,51,36,18,224,4
22:10,59,6,6,650,8
22:12,40,28,3,733,8
22:13,32,34,8,634,6
22:16,20,26,5,771,8
22:18,57,4,5,636,8
22:20,1,10,5,527,8
22:22,32,32,6,586,8
22:24,22,40,24,597,8
22:33,35,34,6,817,8
22:35,65,26,48,578,8
22:52,41,1,6,221,8
22:55,69,9,6,7,8
22:57,19,31,6,144,8
22:59,22,34,4,707,8
23:01,28,49,38,449,8
23:14,41,25,5,78,6
23:16,31,24,6,691,6
23:19,38,27,6,897,6
23:21,37,20,6,321,6
23:23,32,15,6,730,6
23:25,38,16,18,696,6
23:32,37,17,6,57,6
23:34,50,15,5,735,6
23:36,47,31,6,48,6
23:38,35,28,5,778,6
23:40,35,16,6,863,6
23:42,35,36,24,485,6
23:51,47,31,1,509,6
