00:02,6,13,5,107,24
00:04,15,32,44,172,8
00:24,49,25,4,429,6
00:25,18,41,6,542,24
00:28,30,49,5,196,24
00:30,61,35,6,181,24
00:33,69,31,6,595,24
00:36,38,36,6,472,24
00:38,4,18,5,66,24
00:41,5,19,6,208,24
00:43,26,11,6,522,24
00:46,29,32,17,451,24
00:54,8,33,4,452,24
00:56,17,29,5,532,24
00:58,40,28,6,844,6
01:00,2,21,4,616,8
01:02,23,48,4,834,24
01:04,62,11,5,319,8
01:06,59,7,6,644,24
01:09,19,47,5,878,24
01:11,8,44,18,658,24
01:19,25,26,5,100,24
01:22,53,28,4,811,24
01:23,62,27,4,243,24
01:25,3,24,12,698,8
01:31,26,15,18,464,24
01:39,57,32,41,340,24
01:57,34,43,19,242,24
02:06,29,6,6,354,24
02:08,53,12,5,663,24
02:11,52,22,5,273,4
02:13,55,42,3,539,24
02:14,31,24,4,709,24
02:16,17,4,6,293,8
02:19,59,26,4,815,24
02:21,59,21,6,525,8
02:23,69,17,6,154,8
02:26,68,31,6,55,24
02:29,2,39,11,517,8
02:34,53,23,5,121,24
02:36,29,49,6,196,24
02:39,41,50,5,369,24
02:41,35,48,5,677,24
02:43,41,18,4,586,6
02:45,41,23,6,435,4
02:48,54,11,12,155,24
02:53,69,49,5,413,24
02:55,49,35,19,121,4
03:04,18,33,6,482,24
03:06,36,25,21,60,24
03:16,21,11,5,835,24
03:18,61,16,18,527,24
03:26,58,17,4,394,24
03:28,5,22,5,375,24
03:30,35,31,6,602,24
03:33,15,6,6,41,24
03:36,67,37,5,879,24
03:38,32,41,6,803,24
03:41,5,26,4,824,24
03:42,66,14,5,54,8
03:45,63,27,5,462,24
03:47,15,20,6,645,8
03:50,67,17,4,300,24
03:51,23,37,5,85,8
03:54,20,9,22,612,24
04:04,10,50,5,251,24
04:06,10,13,5,755,8
04:08,57,21,5,589,8
04:10,9,31,6,827,24
04:13,65,40,44,197,24
04:33,1,24,22,168,8
04:43,13,34,11,270,24
04:48,57,48,8,834,8
04:51,2,18,5,741,24
04:54,14,38,6,66,24
04:56,46,45,35,168,24
05:12,35,37,5,752,24
05:14,36,34,6,645,24
05:17,35,23,5,411,24
05:19,9,28,6,161,24
05:22,33,27,5,354,6
05:24,3,28,5,194,24
05:26,40,2,4,814,8
05:28,67,23,4,122,8
05:30,32,5,9,227,24
05:34,34,34,6,41,24
05:37,56,24,17,673,24
05:44,15,8,6,144,24
05:47,31,14,5,872,24
05:49,14,28,22,566,24
05:59,11,26,6,282,8
06:02,10,34,5,167,8
06:04,51,9,33,723,24
06:19,59,13,6,486,8
06:22,13,40,4,344,8
06:24,46,32,19,292,8
06:32,36,44,4,456,24
06:34,26,11,6,332,24
06:37,39,25,17,853,4
06:44,28,10,4,419,24
06:46,8,49,51,868,24
07:09,67,35,4,90,24
07:11,9,49,6,61,24
07:14,51,8,5,797,8
07:16,21,6,6,499,24
07:18,43,47,4,629,8
07:20,55,8,24,531,24
07:31,11,31,4,136,24
07:33,42,24,5,651,24
07:35,15,25,4,676,24
07:37,57,23,13,265,24
07:43,47,49,4,157,24
07:45,15,50,4,544,24
07:46,52,31,2,212,24
07:47,33,17,6,819,8
07:50,30,31,4,112,24
07:52,9,7,4,260,24
07:54,41,44,6,527,8
07:56,31,32,6,75,24
07:59,11,32,6,849,24
08:02,38,29,10,287,8
08:06,63,6,9,550,8
08:10,30,15,5,895,6
08:12,40,15,5,614,24
08:15,31,6,6,829,24
08:17,41,47,4,393,24
08:19,66,23,6,516,24
08:22,66,37,6,30,8
08:25,3,43,6,141,24
08:27,51,20,5,469,24
08:30,6,40,4,556,24
08:31,59,40,4,110,8
08:33,70,47,18,754,24
08:41,36,33,22,299,24
08:51,11,6,5,101,24
08:53,70,50,5,787,8
08:56,19,45,5,746,24
08:58,1,31,12,349,24
09:03,31,13,5,411,24
09:06,15,37,6,373,24
09:08,37,38,5,389,6
09:11,62,3,5,474,24
09:13,12,19,4,260,8
09:15,68,32,6,432,8
09:17,17,14,5,341,24
09:20,63,13,4,167,24
09:21,62,16,5,696,8
09:24,29,34,5,796,8
09:26,57,18,6,122,24
09:29,11,46,5,166,24
09:31,35,39,10,348,24
09:35,26,42,8,272,8
09:39,52,43,4,161,8
09:41,10,37,5,97,24
09:43,5,6,4,405,8
09:45,40,22,6,549,8
09:47,47,50,4,40,8
09:49,7,25,22,538,24
09:59,69,18,4,217,24
10:01,68,40,34,653,8
10:16,15,23,4,218,24
10:18,14,14,11,19,24
10:23,1,1,9,31,24
10:27,52,31,5,90,24
10:29,12,31,4,373,24
10:31,3,18,5,41,24
10:33,23,16,6,249,24
10:36,13,45,19,592,8
10:45,43,50,6,725,24
10:47,40,27,6,615,4
10:50,12,2,17,531,24
10:58,46,31,4,140,8
10:59,43,26,4,60,4
11:01,14,49,4,422,8
11:03,60,45,19,167,24
11:12,50,46,5,749,24
11:14,37,41,4,214,24
11:16,27,47,5,217,24
11:18,34,22,4,873,24
11:20,64,38,22,78,24
11:30,34,13,5,57,8
11:32,33,28,4,52,6
11:34,6,19,4,462,24
11:35,60,2,6,202,24
11:38,32,34,6,601,6
11:41,51,37,5,402,24
11:43,54,34,16,563,24
11:50,16,17,4,717,24
11:52,4,14,5,138,24
11:54,33,42,5,710,24
11:57,46,26,6,178,24
11:59,66,20,12,276,8
12:05,57,10,45,551,8
12:25,39,34,5,104,24
12:27,57,17,6,626,24
12:30,51,39,41,9,24
12:48,43,8,4,735,8
12:50,39,10,4,174,24
12:52,46,46,12,669,24
12:57,24,15,20,822,24
13:06,39,23,13,428,24
13:12,22,17,19,343,24
13:21,25,17,5,35,24
13:23,49,46,4,278,8
13:25,32,15,4,639,24
13:27,22,18,4,769,24
13:28,18,31,47,278,8
13:50,35,27,20,785,24
13:59,60,49,4,856,24
14:00,46,15,4,672,24
14:02,24,43,12,254,8
14:08,35,25,6,398,24
14:10,13,23,11,472,24
14:15,49,21,5,232,4
14:17,2,27,8,673,24
14:21,24,43,20,605,24
14:30,23,34,6,256,24
14:33,56,36,6,106,8
14:35,28,31,3,605,8
14:37,53,15,6,456,8
14:39,68,10,5,761,24
14:42,1,24,5,715,24
14:44,46,29,5,783,24
14:46,20,20,19,628,24
14:55,30,47,6,492,24
14:57,10,24,6,63,24
15:00,32,21,4,641,24
15:02,24,26,2,27,24
15:03,11,49,4,706,24
15:05,33,21,4,266,8
15:06,15,41,22,605,24
15:16,22,34,5,803,24
15:19,33,37,9,236,24
15:23,16,47,4,270,24
15:24,46,46,4,445,8
15:26,38,18,5,40,24
15:29,28,32,10,233,24
15:33,66,20,4,327,8
15:35,47,8,5,373,8
15:37,39,37,6,787,24
15:40,27,31,4,174,24
15:42,35,31,5,719,8
15:44,57,8,4,389,24
15:46,53,19,5,617,8
15:48,46,31,6,217,8
15:51,40,33,20,93,24
16:00,24,50,5,631,24
16:02,23,14,5,298,24
16:04,34,49,8,690,24
16:08,3,16,8,358,24
16:11,25,44,4,436,24
16:13,51,24,5,550,8
16:15,24,29,5,799,24
16:18,22,1,6,525,24
16:20,43,41,6,787,8
16:23,11,6,6,822,24
16:26,35,16,19,487,24
16:34,14,25,4,243,24
16:36,27,22,36,23,8
16:52,6,15,17,128,8
17:00,35,17,17,497,8
17:08,50,47,4,530,8
17:09,54,4,6,325,24
17:12,46,7,5,343,24
17:14,65,39,37,765,24
17:31,49,26,5,91,24
17:33,15,28,13,325,8
17:39,7,14,4,68,8
17:41,54,6,6,896,24
17:44,57,41,5,754,24
17:46,3,41,6,629,24
17:48,6,25,11,436,24
17:53,70,19,5,224,8
17:56,23,14,9,526,8
18:00,53,44,4,483,24
18:02,34,49,6,39,24
18:04,56,40,6,288,24
18:07,11,27,36,793,24
18:23,46,40,5,109,24
18:25,6,6,4,614,24
18:27,58,31,4,99,24
18:29,49,50,11,624,24
18:34,46,37,6,499,24
18:37,1,43,4,487,24
18:38,28,7,6,135,24
18:41,13,27,5,614,24
18:43,5,40,4,468,24
18:45,68,3,4,712,24
18:47,25,4,6,804,24
18:50,47,31,4,384,8
18:51,61,17,5,546,24
18:54,58,33,4,199,24
18:56,7,8,4,187,24
18:57,1,31,6,512,24
19:00,69,11,5,660,24
19:02,38,29,19,145,24
19:11,9,6,6,126,24
19:14,6,28,8,89,24
19:17,37,44,5,150,24
19:19,60,14,15,893,24
19:26,57,16,5,697,24
19:28,58,5,6,411,24
19:31,47,16,6,37,24
19:34,31,35,6,480,8
19:36,68,25,6,585,24
19:39,59,19,6,301,8
19:42,34,4,5,70,24
19:44,8,4,6,425,8
19:47,29,45,5,119,24
19:49,29,42,27,877,24
20:01,8,4,5,714,24
20:03,10,39,6,769,8
20:06,66,9,6,140,24
20:09,64,11,6,509,24
20:12,1,9,15,125,8
20:18,17,8,4,22,24
20:20,68,4,6,220,24
20:23,43,47,5,378,24
20:25,52,28,18,594,6
20:33,10,11,13,709,8
20:39,26,44,6,28,24
20:42,36,39,6,640,24
20:44,59,36,6,143,24
20:47,66,48,35,264,24
21:03,64,24,5,563,24
21:05,32,24,22,381,24
21:15,7,44,47,435,24
21:36,27,31,6,646,8
21:39,61,5,4,404,24
21:41,58,15,4,273,8
21:42,56,13,17,689,24
21:50,16,22,14,620,8
21:56,43,19,5,423,24
21:59,64,16,11,870,24
22:04,51,18,5,334,24
22:06,41,34,53,796,6
22:30,64,7,5,312,24
22:32,32,26,9,900,8
22:36,23,3,6,266,24
22:39,4,24,9,472,24
22:43,27,34,5,446,24
22:45,27,37,56,386,24
23:10,42,33,6,894,24
23:13,27,17,5,843,24
23:15,34,20,5,134,24
23:17,42,18,9,293,24
23:21,1,37,1,337,24
23:22,14,50,9,613,8
23:26,31,35,5,205,6
23:28,33,16,10,844,6
