00:02,14,31,6,346,8
00:05,39,37,14,236,24
00:15,22,2,4,885,24
00:17,33,10,15,547,24
00:27,34,12,10,574,24
00:33,33,44,5,205,8
00:37,43,20,3,174,24
00:39,24,16,4,793,24
00:41,59,50,5,412,8
00:44,26,48,19,637,24
00:57,19,8,52,805,24
01:31,29,4,12,533,8
01:38,46,27,11,177,24
01:46,19,2,6,332,24
01:49,14,43,6,733,8
01:53,44,3,4,869,24
01:56,47,13,4,818,24
01:59,33,28,39,823,24
02:24,62,31,6,147,8
02:28,32,5,16,576,24
02:38,47,33,4,667,6
02:41,43,17,4,519,24
02:43,61,40,6,794,24
02:47,70,24,15,413,24
02:57,1,4,4,448,24
03:00,27,8,37,538,8
03:24,36,35,2,486,6
03:25,6,14,5,675,24
03:28,16,8,6,860,24
03:32,21,22,4,330,24
03:35,27,13,6,415,24
03:39,49,14,5,32,24
03:42,52,10,5,809,8
03:45,50,33,4,10,8
03:48,43,25,17,77,6
03:59,38,25,5,48,8
04:02,47,16,5,147,6
04:05,35,33,6,78,24
04:09,20,6,5,752,24
04:12,46,8,6,265,24
04:16,57,44,6,502,8
04:20,10,2,5,529,24
04:23,58,29,4,684,8
04:26,10,4,4,319,24
04:29,42,14,6,167,24
04:33,24,19,5,705,24
04:36,68,50,24,288,8
04:51,47,9,6,883,24
04:55,49,8,6,828,24
04:59,20,13,9,136,8
05:05,30,17,6,288,24
05:09,35,29,4,642,6
05:12,10,39,6,343,24
05:15,47,24,5,411,8
05:19,46,37,4,145,4
05:21,55,1,5,229,8
05:25,64,17,6,826,8
05:28,46,47,46,375,24
05:58,13,31,6,658,24
06:02,13,45,4,316,8
06:05,19,25,4,86,24
06:07,2,36,40,265,24
06:33,8,36,5,483,8
06:37,6,24,6,654,24
06:41,50,45,14,338,8
06:50,34,39,6,25,6
06:54,57,44,9,55,24
06:59,27,1,6,49,24
07:03,55,2,4,99,24
07:06,50,8,6,304,24
07:10,17,23,4,572,24
07:12,58,21,4,657,24
07:15,18,7,19,455,24
07:27,19,41,4,333,24
07:30,42,22,6,436,24
07:34,33,39,6,396,24
07:38,2,4,4,284,24
07:40,68,12,6,642,24
07:44,63,5,11,264,24
07:51,34,37,4,321,24
07:54,27,23,6,280,24
07:58,53,15,4,261,6
08:01,25,47,4,855,24
08:03,46,28,40,731,4
08:29,46,35,17,97,24
08:40,67,12,10,212,24
08:47,57,45,10,436,8
08:53,11,41,4,705,24
08:56,62,49,6,144,24
09:00,59,26,5,307,24
09:03,57,22,4,253,24
09:06,22,46,4,446,24
09:08,11,10,39,486,24
09:34,46,42,4,486,8
09:36,17,46,15,176,24
09:46,61,17,10,218,24
09:52,60,20,14,677,24
10:01,7,14,6,104,8
10:05,26,27,5,563,24
10:09,27,12,6,100,8
10:13,24,7,4,613,24
10:15,4,42,8,547,8
10:20,26,43,13,838,8
10:29,26,14,4,722,24
10:31,9,48,5,659,24
10:35,10,16,6,888,24
10:39,17,35,4,69,24
10:41,46,41,25,809,24
10:57,33,33,4,137,8
11:00,63,29,5,621,24
11:03,31,45,4,78,24
11:06,5,12,4,638,24
11:08,51,36,6,70,24
11:12,26,16,5,113,24
11:16,21,32,5,470,8
11:19,21,8,6,434,24
11:23,70,17,22,705,8
11:37,8,6,6,247,24
11:41,11,50,4,744,24
11:44,39,20,4,6,24
11:46,2,17,8,640,24
11:51,2,28,9,110,24
11:57,4,38,4,27,24
12:00,34,23,5,831,24
12:03,37,28,5,773,24
12:06,22,43,6,472,8
12:10,7,14,45,398,24
12:39,32,33,4,139,24
12:42,67,8,5,484,24
12:45,1,22,21,498,8
12:59,9,19,5,248,24
13:02,52,39,12,877,24
13:10,53,22,4,558,6
13:13,64,21,35,577,24
13:35,46,32,5,509,6
13:39,66,5,5,478,24
13:42,28,29,6,15,24
13:46,3,15,4,804,24
13:48,17,12,4,362,24
13:51,68,50,5,803,24
13:54,24,47,21,76,24
14:08,24,27,5,389,8
14:11,7,43,6,203,24
14:15,31,14,2,885,24
14:16,43,14,4,36,24
14:19,14,31,5,431,24
14:22,38,25,4,762,24
14:25,66,17,6,660,8
14:29,48,12,5,78,24
14:32,20,34,6,610,24
14:36,52,32,20,94,24
14:49,7,38,5,297,24
14:52,18,45,4,846,24
14:55,51,20,5,516,6
14:58,18,34,5,524,24
15:01,29,49,6,348,24
15:05,50,6,4,549,24
15:08,30,6,9,365,24
15:13,42,28,21,253,8
15:27,36,11,4,305,24
15:30,28,31,6,23,24
15:34,4,32,5,296,24
15:37,36,3,4,256,24
15:39,35,33,33,664,24
16:01,26,46,9,540,8
16:07,35,49,6,841,8
16:11,8,6,5,213,24
16:14,43,5,5,556,24
16:17,34,46,6,427,24
16:21,34,44,5,474,24
16:24,48,23,5,270,6
16:28,26,15,6,250,24
16:31,13,7,5,888,24
16:35,42,11,4,231,8
16:37,35,31,56,770,8
17:14,15,6,4,277,24
17:16,2,36,10,326,24
17:23,62,37,49,862,8
17:55,29,47,20,459,8
18:08,28,24,5,737,24
18:11,37,26,17,297,6
18:22,17,27,12,360,24
18:30,27,18,5,258,24
18:33,31,45,4,173,24
18:36,11,29,6,500,24
18:40,53,6,6,391,8
18:43,66,43,6,38,24
18:47,36,25,6,829,24
18:51,46,16,19,199,24
19:04,66,4,5,67,24
19:07,22,33,4,291,8
19:09,40,24,23,318,24
19:24,20,7,5,432,8
19:28,27,31,6,672,24
19:32,34,25,6,132,24
19:35,70,40,6,147,24
19:39,63,18,14,304,8
19:48,34,22,6,363,8
19:52,4,5,6,645,24
19:56,68,3,5,858,8
19:59,61,1,6,48,24
20:03,14,8,3,620,24
20:05,27,35,52,10,24
20:39,30,31,6,458,24
20:43,8,24,5,859,24
20:46,52,26,4,13,24
20:49,29,31,4,629,24
20:51,8,33,4,569,24
20:54,55,33,5,874,24
20:57,28,39,6,100,24
21:01,33,37,6,781,6
21:05,69,32,40,819,24
21:31,30,40,6,126,24
21:35,15,7,5,506,8
21:38,30,21,4,84,6
21:41,41,1,6,732,24
21:45,14,3,5,808,8
21:48,43,45,4,11,24
21:51,34,37,16,600,24
22:01,57,42,4,709,24
22:04,37,42,5,761,24
22:07,58,1,6,640,24
22:11,38,45,2,533,24
22:12,29,45,5,510,24
22:15,29,28,12,600,24
22:23,20,48,2,485,8
22:24,70,12,6,517,24
22:28,65,11,4,222,24
22:31,69,41,4,131,24
22:34,49,7,5,104,8
22:37,68,50,10,322,24
22:43,11,24,6,665,24
22:47,20,21,4,599,8
22:50,47,36,39,399,24
23:15,12,34,27,853,24
23:33,8,15,17,645,24
23:44,63,46,3,496,24
23:46,36,42,6,673,8
23:50,42,19,6,201,8
23:53,46,41,1,422,8
