00:02,23,29,8,498,24
00:05,57,38,19,685,24
00:13,30,43,5,891,24
00:15,27,17,4,177,8
00:17,40,47,6,898,24
00:19,63,41,31,668,24
00:32,55,3,6,854,24
00:34,59,40,5,628,24
00:37,56,49,6,106,24
00:39,10,38,27,461,24
00:50,60,41,5,458,24
00:52,49,34,5,639,4
00:54,34,50,4,464,8
00:56,49,26,5,612,4
00:58,27,5,4,263,8
01:00,54,44,4,655,24
01:02,59,1,8,451,24
01:05,32,31,59,117,24
01:29,54,1,5,417,8
01:32,21,15,5,26,8
01:34,44,17,16,665,24
01:40,58,5,19,251,24
01:48,54,11,4,390,24
01:50,36,40,5,94,24
01:52,6,46,4,441,24
01:54,56,32,5,389,24
01:56,29,29,5,241,24
01:58,39,21,5,595,24
02:00,48,32,4,790,24
02:02,37,37,6,355,24
02:04,6,16,6,283,24
02:07,6,1,21,511,8
02:15,52,16,14,900,6
02:21,37,27,6,709,6
02:24,5,49,6,888,24
02:26,38,39,6,291,24
02:29,18,29,6,480,24
02:31,53,13,6,730,24
02:34,5,21,4,357,24
02:35,4,50,4,813,24
02:37,64,42,6,886,24
02:39,31,16,6,218,24
02:42,31,32,4,770,8
02:44,47,4,4,773,24
02:45,53,16,5,225,24
02:47,40,29,6,349,24
02:50,38,29,6,514,4
02:52,1,41,4,891,24
02:54,19,25,5,518,24
02:56,39,31,5,517,24
02:58,48,39,4,301,8
03:00,8,16,6,512,24
03:02,17,38,20,868,24
03:11,56,31,6,148,24
03:13,15,48,6,300,8
03:16,59,48,4,707,8
03:17,4,4,5,539,8
03:19,47,49,6,315,8
03:22,12,35,54,584,24
03:44,46,38,5,520,24
03:47,50,49,4,693,24
03:48,61,11,20,601,24
03:57,40,32,4,767,6
03:58,27,6,13,62,8
04:04,42,10,6,532,24
04:06,5,6,6,802,24
04:09,35,27,15,336,24
04:15,3,8,17,287,8
04:22,54,8,6,564,24
04:24,55,14,4,219,24
04:26,8,41,4,389,24
04:28,19,13,18,364,24
04:35,59,37,5,264,24
04:37,44,45,5,386,24
04:39,2,50,5,91,24
04:42,33,18,22,128,24
04:51,60,20,5,367,24
04:53,24,44,24,289,24
05:03,67,2,6,134,24
05:05,20,48,5,732,24
05:07,41,11,4,255,24
05:09,38,48,4,42,24
05:11,43,21,6,520,24
05:13,23,6,3,522,24
05:14,48,21,5,876,24
05:17,63,19,6,42,24
05:19,43,29,5,305,24
05:21,18,31,10,161,24
05:25,14,26,10,51,24
05:29,51,48,6,568,24
05:32,61,29,40,54,24
05:49,52,40,6,513,24
05:51,50,8,4,889,24
05:53,46,34,3,493,8
05:54,14,12,6,4,24
05:57,7,41,6,501,24
05:59,14,16,4,23,24
06:01,41,23,5,372,4
06:03,67,40,5,768,24
06:05,31,42,28,647,8
06:17,46,14,9,6,24
06:20,18,27,23,714,8
06:30,50,50,8,606,24
06:33,60,35,4,321,24
06:35,15,13,14,11,24
06:41,34,40,4,129,8
06:42,54,29,4,277,24
06:44,23,40,4,476,8
06:46,68,41,4,790,24
06:47,46,22,5,362,8
06:49,53,23,39,599,24
07:06,31,39,6,51,24
07:08,22,33,4,637,24
07:10,60,3,5,338,24
07:12,52,16,4,828,6
07:14,56,44,5,818,24
07:16,25,16,4,325,24
07:17,17,7,5,636,8
07:19,34,50,5,427,8
07:22,49,11,4,327,8
07:23,21,8,6,161,24
07:26,61,35,12,478,8
07:31,65,35,8,345,8
07:34,4,43,4,168,24
07:36,6,21,6,294,24
07:38,42,22,5,800,6
07:40,16,8,55,106,24
08:03,70,15,6,710,24
08:06,55,39,37,769,8
08:21,12,47,6,127,24
08:24,26,41,4,855,24
08:25,67,5,21,812,8
08:34,44,8,5,797,24
08:36,35,7,6,594,8
08:39,34,31,6,130,24
08:41,26,18,22,832,24
08:50,26,16,6,768,8
08:53,31,20,5,686,24
08:55,25,34,2,717,24
08:56,7,23,4,309,24
08:57,27,1,5,487,24
08:59,60,45,5,884,24
09:02,29,19,4,16,24
09:03,13,18,5,205,24
09:05,39,39,13,5,24
09:11,3,15,18,747,24
09:18,37,26,5,794,24
09:20,37,16,4,679,24
09:22,14,46,15,849,24
09:28,46,48,20,320,24
09:37,66,3,18,842,8
09:44,67,28,10,680,24
09:48,59,44,4,283,8
09:50,53,45,5,784,24
09:52,56,31,6,183,24
09:54,34,9,17,192,24
10:02,51,45,5,153,24
10:04,51,25,17,347,24
10:11,35,35,6,151,24
10:13,30,36,6,204,24
10:16,46,16,4,384,24
10:17,59,22,17,185,24
10:24,15,1,15,330,24
10:31,46,10,14,791,8
10:37,16,1,17,142,24
10:44,20,27,5,263,24
10:46,32,9,6,26,8
10:48,16,4,43,240,8
11:06,39,32,4,424,24
11:08,41,33,6,865,8
11:10,39,20,40,288,24
11:27,36,34,5,48,8
11:29,69,7,20,852,24
11:37,23,17,4,307,8
11:39,13,33,4,313,24
11:41,67,42,5,218,24
11:43,51,40,6,841,24
11:45,44,3,13,684,24
11:51,17,16,5,432,24
11:53,22,12,10,442,24
11:57,32,11,3,66,24
11:58,55,19,4,703,24
12:00,42,28,5,670,6
12:02,10,17,16,387,24
12:09,46,14,58,840,24
12:33,47,29,4,680,24
12:34,27,39,4,253,24
12:36,23,46,4,467,8
12:38,63,14,6,204,8
12:40,5,2,5,885,24
12:42,2,46,6,765,24
12:45,54,16,4,263,6
12:47,53,8,51,567,24
13:08,2,16,5,508,24
13:10,30,39,4,762,8
13:12,68,28,4,386,8
13:13,53,8,4,226,24
13:15,52,39,18,66,24
13:22,3,44,4,782,24
13:24,67,9,4,667,8
13:26,57,27,5,1,24
13:28,64,16,15,309,24
13:34,21,41,4,225,24
13:36,32,32,15,324,24
13:42,65,31,4,55,24
13:44,66,6,5,651,24
13:46,35,21,4,108,24
13:47,49,49,6,426,24
13:50,37,49,4,690,24
13:52,57,26,6,868,8
13:54,23,24,6,830,24
13:57,1,43,4,518,24
13:58,42,41,6,517,8
14:01,5,42,5,556,8
14:03,31,26,5,749,8
14:05,33,27,14,17,24
14:11,51,25,6,582,24
14:13,58,46,6,702,24
14:16,46,24,4,377,24
14:17,27,45,10,370,24
14:22,31,47,18,216,24
14:29,1,1,5,208,24
14:31,9,41,6,106,24
14:34,32,28,4,768,24
14:35,58,25,6,720,8
14:38,25,10,48,628,24
14:58,18,47,6,369,8
15:00,60,35,14,363,24
15:06,17,41,6,818,24
15:09,18,21,52,403,8
15:30,63,10,6,557,8
15:33,24,38,5,247,24
15:35,30,20,21,23,24
15:44,36,49,9,429,24
15:47,9,10,6,136,24
15:50,51,18,19,849,6
15:58,67,11,5,482,24
16:00,54,28,5,191,24
16:02,28,3,4,721,24
16:04,52,8,6,415,24
16:06,21,46,21,742,8
16:15,46,7,9,874,8
16:19,3,42,4,453,8
16:20,23,50,4,98,24
16:22,14,12,20,708,8
16:30,39,39,6,699,24
16:33,28,43,5,137,24
16:35,31,7,5,120,24
16:37,9,31,20,48,24
16:45,62,26,46,128,24
17:04,56,12,4,897,8
17:06,29,37,2,126,24
17:07,27,46,6,662,24
17:09,20,15,4,686,24
17:11,62,21,5,220,24
17:13,16,16,5,673,8
17:15,35,37,6,887,24
17:18,28,9,4,155,24
17:19,14,42,6,796,24
17:22,54,36,5,775,24
17:24,47,2,4,592,8
17:26,15,48,4,527,24
17:27,47,3,5,553,24
17:29,11,11,25,382,24
17:40,36,2,22,299,24
17:49,19,14,5,594,24
17:51,40,28,9,892,24
17:55,25,17,20,877,24
18:03,7,7,5,283,24
18:05,30,39,6,142,24
18:08,47,24,5,172,4
18:10,7,35,6,292,24
18:12,50,2,5,843,8
18:14,58,47,9,83,24
18:18,41,3,10,482,24
18:22,29,49,11,394,24
18:27,30,20,6,20,24
18:29,57,21,5,236,8
18:32,64,6,6,114,24
18:34,31,18,4,687,8
18:36,12,43,6,142,24
18:38,64,49,5,82,24
18:40,46,31,5,753,24
18:42,47,47,4,722,24
18:44,19,42,9,762,24
18:48,49,48,6,70,8
18:50,15,4,6,247,24
18:53,17,50,6,366,24
18:55,37,35,4,551,24
18:57,49,2,6,261,24
18:59,14,31,6,93,24
19:02,70,46,5,899,24
19:04,66,36,5,271,24
19:06,40,49,5,334,24
19:08,63,4,5,223,24
19:10,62,15,5,503,24
19:12,5,40,6,460,24
19:15,24,42,13,649,24
19:20,41,24,6,485,6
19:23,56,36,24,528,8
19:33,37,11,5,698,8
19:35,12,10,6,712,24
19:37,62,34,4,392,8
19:39,63,15,4,167,24
19:41,32,13,5,569,24
19:43,57,26,6,659,24
19:45,12,5,5,487,24
19:47,54,36,51,241,8
20:09,7,32,6,702,24
20:11,34,26,36,57,24
20:26,28,23,4,819,24
20:28,38,8,6,410,8
20:30,46,31,18,602,8
20:38,15,43,4,813,8
20:39,43,40,6,845,24
20:42,51,42,4,730,24
20:44,38,7,6,13,8
20:46,38,24,17,116,24
20:53,51,42,6,207,24
20:56,68,45,6,353,24
20:58,51,17,5,406,24
21:00,65,22,4,287,24
21:02,68,17,6,880,24
21:04,51,44,6,297,24
21:07,37,19,5,370,8
21:09,40,28,6,737,24
21:12,41,7,6,486,24
21:14,12,19,18,271,24
21:22,47,9,2,237,8
21:22,19,37,6,606,24
21:25,21,11,6,782,24
21:27,57,34,4,25,24
21:29,25,11,15,490,24
21:35,67,12,12,605,24
21:40,2,19,5,40,24
21:42,67,22,6,338,8
21:45,38,43,4,750,24
21:47,36,34,5,899,24
21:49,16,2,5,201,24
21:51,59,28,5,610,24
21:53,6,29,2,494,24
21:54,19,33,6,561,8
21:56,5,43,21,820,8
22:05,40,29,4,413,4
22:07,3,2,5,219,8
22:09,3,41,19,619,8
22:17,68,31,5,499,8
22:19,13,45,6,753,8
22:21,12,1,10,468,8
22:25,41,36,4,357,4
22:27,60,49,9,664,8
22:31,50,29,2,310,8
22:32,28,40,6,359,8
22:34,2,6,11,305,8
22:39,46,33,4,4,6
22:40,51,20,39,715,6
22:57,39,37,6,398,4
22:59,43,19,4,476,6
23:01,42,21,4,311,6
23:02,47,34,5,775,4
23:04,36,29,22,114,4
23:14,33,26,16,456,6
