00:01,1,31,5,210,24
00:04,31,11,6,758,24
00:08,24,42,5,54,24
00:12,40,42,6,881,24
00:16,41,47,6,324,24
00:21,28,22,6,570,24
00:25,20,42,3,663,24
00:27,61,6,5,186,24
00:31,35,13,5,555,8
00:34,21,48,6,225,24
00:38,70,12,8,815,24
00:44,25,25,6,12,24
00:49,58,10,6,809,24
00:53,43,19,4,812,24
00:56,49,25,39,793,4
01:24,42,31,6,200,8
01:28,4,7,12,553,24
01:37,14,41,5,77,8
01:40,38,21,5,777,24
01:44,13,43,10,448,24
01:51,66,19,42,802,24
02:21,33,21,5,741,8
02:25,46,22,5,4,6
02:28,36,1,6,658,24
02:32,25,44,4,857,24
02:35,18,24,6,829,8
02:40,52,49,22,615,24
02:55,61,33,4,610,8
02:58,62,8,5,390,24
03:02,25,5,6,815,24
03:06,2,39,4,74,24
03:09,46,31,6,78,8
03:13,2,45,4,646,24
03:16,3,24,6,301,8
03:20,60,25,5,877,24
03:24,19,7,10,151,8
03:31,34,48,5,35,8
03:35,38,34,16,422,24
03:46,61,29,11,528,24
03:54,66,18,6,779,8
03:58,14,27,4,381,24
04:01,9,18,5,790,24
04:05,59,44,6,808,24
04:09,51,24,4,551,24
04:12,35,32,6,594,24
04:16,17,37,4,757,24
04:19,69,17,6,174,24
04:24,19,37,5,265,24
04:27,17,23,20,803,8
04:41,51,49,4,173,8
04:44,22,36,19,745,24
04:58,21,42,5,834,24
05:02,53,32,4,792,24
05:04,46,24,4,715,24
05:07,2,43,5,309,24
05:11,53,7,21,468,24
05:26,33,31,4,651,24
05:29,46,28,30,277,6
05:50,47,35,12,900,8
05:59,41,41,6,729,24
06:03,2,18,5,316,24
06:07,57,16,4,887,24
06:10,66,10,5,431,24
06:13,12,2,6,716,8
06:17,11,44,5,41,24
06:21,26,45,5,739,24
06:25,18,31,4,22,24
06:28,16,22,20,229,24
06:42,34,4,19,40,24
06:55,30,36,4,405,24
06:58,8,10,6,171,8
07:03,5,38,20,550,8
07:17,26,7,5,54,24
07:21,12,28,4,383,8
07:23,50,28,5,279,24
07:27,37,48,5,772,24
07:31,35,41,39,64,8
07:59,37,29,4,2,24
08:01,50,15,20,767,24
08:16,51,12,11,696,24
08:24,20,42,6,546,24
08:28,32,36,6,623,24
08:32,46,36,5,660,6
08:36,8,4,6,260,8
08:40,32,39,5,476,24
08:44,56,39,4,707,8
08:47,51,27,4,445,24
08:49,12,2,4,338,24
08:52,46,36,10,848,8
08:59,47,17,5,836,8
09:03,1,26,6,59,24
09:07,10,50,5,616,24
09:11,44,42,14,652,24
09:21,69,44,15,101,8
09:32,5,21,19,641,24
09:45,69,32,5,727,24
09:49,8,37,16,450,24
10:00,35,20,11,499,8
10:08,56,38,5,869,24
10:12,14,15,6,135,24
10:16,42,31,4,423,8
10:19,15,18,12,752,24
10:28,19,8,10,777,24
10:35,67,49,6,138,24
10:39,57,23,5,71,24
10:43,12,17,4,889,24
10:46,7,45,4,855,24
10:48,60,43,5,382,24
10:52,13,13,5,176,8
10:56,30,49,6,584,8
11:00,34,39,13,213,24
11:09,23,14,4,291,24
11:12,70,43,25,216,8
11:30,65,46,5,729,8
11:34,25,20,4,362,24
11:36,43,36,4,732,24
11:39,39,2,8,306,24
11:45,39,41,12,727,24
11:54,69,26,6,32,24
11:58,17,35,6,461,24
12:02,69,37,5,335,24
12:06,53,26,13,766,24
12:15,50,31,6,479,24
12:19,62,47,4,252,24
12:22,29,37,5,3,8
12:26,35,37,4,550,24
12:29,24,15,14,738,8
12:39,43,47,4,343,24
12:42,30,11,5,506,24
12:45,64,39,4,583,8
12:48,21,18,6,562,8
12:52,47,44,55,771,24
13:32,35,47,5,868,24
13:35,26,33,16,108,24
13:47,25,45,6,41,8
13:51,62,13,5,703,24
13:55,37,20,5,455,6
13:58,15,34,5,11,8
14:02,5,11,4,499,24
14:05,29,21,6,54,8
14:09,66,34,4,748,8
14:12,63,18,4,594,24
14:15,8,31,32,276,24
14:38,28,2,4,501,24
14:41,61,36,5,136,24
14:44,65,17,5,332,24
14:48,21,32,14,190,8
14:58,34,33,6,819,24
15:02,12,36,17,511,24
15:14,35,43,22,825,8
15:30,58,20,5,326,24
15:34,34,24,4,354,8
15:36,24,22,5,683,8
15:40,20,19,6,416,24
15:44,3,18,5,351,24
15:48,30,4,4,10,8
15:51,19,22,4,608,24
15:54,31,40,6,298,24
15:58,6,39,5,5,24
16:02,70,45,5,55,8
16:05,56,42,6,256,24
16:09,33,1,5,63,24
16:13,64,34,8,541,24
16:19,64,40,5,155,24
16:22,9,44,6,891,24
16:27,38,32,20,14,24
16:41,23,2,9,753,24
16:47,1,41,18,327,24
17:00,21,26,5,698,24
17:04,54,34,12,174,6
17:13,7,33,5,777,8
17:16,7,17,5,158,24
17:20,56,29,4,858,24
17:23,6,31,6,90,24
17:27,36,31,15,840,24
17:38,58,43,49,525,24
18:13,32,18,13,792,6
18:22,8,10,18,455,8
18:35,14,44,4,534,8
18:38,60,38,4,35,24
18:41,40,12,5,753,8
18:44,54,37,4,694,8
18:47,15,49,33,604,24
19:11,9,35,13,824,24
19:20,69,24,8,858,24
19:26,62,45,6,142,8
19:30,35,45,5,289,8
19:34,2,20,6,448,24
19:38,28,49,12,43,24
19:47,36,18,16,245,24
19:58,31,16,4,106,24
20:01,34,16,22,799,8
20:17,30,34,5,426,6
20:20,16,49,10,591,8
20:27,52,32,4,7,24
20:30,59,5,6,36,24
20:35,23,38,10,796,24
20:42,56,47,6,724,24
20:46,17,34,4,63,24
20:49,4,36,5,582,24
20:53,24,44,4,323,24
20:55,70,17,21,341,24
21:10,46,35,22,789,24
21:26,7,31,19,757,24
21:40,38,39,4,776,6
21:43,65,27,6,296,24
21:47,27,11,5,521,24
21:51,20,24,6,259,24
21:55,15,46,6,448,8
21:59,22,5,21,46,24
22:14,63,11,16,752,24
22:26,17,18,14,434,24
22:36,11,36,25,163,24
22:54,7,27,2,120,24
22:55,3,37,3,522,24
22:57,57,45,4,62,24
23:00,35,8,4,792,24
23:03,53,14,5,351,8
23:07,10,25,5,727,24
23:10,10,26,6,654,8
23:14,41,39,5,459,24
23:18,6,44,13,586,24
23:27,4,19,12,19,24
23:36,6,26,6,779,24
23:40,7,49,6,322,24
23:45,50,26,5,123,24
23:48,3,27,4,636,8
23:51,33,18,3,221,8
