00:02,66,22,8,58,24
00:05,38,18,5,75,24
00:06,5,15,5,818,24
00:08,41,35,49,669,24
00:27,61,14,6,12,24
00:29,36,49,8,76,24
00:33,70,3,5,258,24
00:34,11,42,12,489,24
00:39,25,6,5,897,24
00:41,41,22,4,676,24
00:43,16,39,6,444,24
00:45,49,28,4,654,4
00:46,15,44,4,573,24
00:48,13,4,5,508,24
00:50,43,22,4,751,24
00:51,46,24,6,3,8
00:54,61,18,4,789,24
00:55,2,42,5,460,24
00:57,69,38,4,700,24
00:59,27,18,6,286,24
01:01,14,34,5,263,8
01:03,62,35,5,634,24
01:05,44,21,2,862,4
01:06,40,43,6,159,24
01:08,30,29,5,868,24
01:10,10,6,6,330,24
01:12,37,5,4,78,24
01:14,70,37,22,224,8
01:22,27,2,4,475,8
01:24,36,35,4,294,24
01:25,19,25,5,666,24
01:27,44,24,4,20,8
01:29,24,3,4,497,24
01:30,26,50,17,626,24
01:37,27,12,5,664,8
01:38,34,7,4,254,24
01:40,69,47,5,54,24
01:42,49,38,4,90,24
01:43,9,14,4,190,24
01:45,35,23,6,236,6
01:47,43,3,6,898,24
01:50,46,50,20,766,24
01:57,57,10,20,833,24
02:05,27,31,6,191,8
02:07,30,6,5,890,24
02:09,66,17,4,370,24
02:11,39,31,5,418,24
02:13,63,9,4,55,8
02:14,58,49,6,166,24
02:16,5,34,6,135,8
02:19,16,43,5,561,24
02:21,40,28,2,431,4
02:21,29,46,5,772,24
02:23,36,18,18,414,24
02:30,9,19,5,223,24
02:32,15,12,40,622,24
02:47,59,27,5,476,24
02:49,5,23,49,524,8
03:08,48,31,4,601,24
03:10,63,38,29,741,24
03:21,64,18,6,366,24
03:23,32,50,3,144,24
03:24,28,15,4,706,24
03:26,56,32,6,223,24
03:28,23,2,15,28,24
03:34,1,45,5,834,8
03:36,28,20,5,845,24
03:38,22,10,5,342,24
03:40,24,44,20,332,8
03:47,14,15,5,685,24
03:49,22,34,6,11,8
03:52,68,20,5,205,24
03:53,16,9,4,537,8
03:55,61,28,4,594,24
03:56,25,27,4,475,24
03:58,10,26,6,384,24
04:00,39,8,19,799,8
04:08,26,44,10,118,24
04:11,36,24,5,238,24
04:13,39,11,6,592,24
04:16,32,44,3,233,24
04:17,44,29,4,563,4
04:18,20,1,4,415,8
04:20,26,50,4,590,24
04:21,40,16,5,125,24
04:23,35,4,6,27,24
04:26,38,4,4,275,24
04:27,51,39,4,243,24
04:29,59,46,4,405,24
04:30,69,43,6,26,24
04:33,16,33,4,256,8
04:34,67,26,35,723,24
04:47,7,12,5,786,24
04:49,18,13,8,91,8
04:52,6,17,6,863,24
04:55,18,18,5,528,24
04:57,42,25,6,398,24
04:59,69,18,4,680,8
05:01,58,2,5,704,24
05:02,18,31,4,130,24
05:04,41,39,5,492,24
05:06,13,22,19,532,8
05:13,2,3,4,179,8
05:15,62,10,5,498,24
05:17,60,26,4,521,24
05:18,34,14,21,855,8
05:26,1,4,10,511,8
05:30,32,9,6,70,24
05:32,31,11,4,775,24
05:34,60,2,5,151,8
05:36,47,35,4,861,6
05:37,65,23,22,193,24
05:46,53,39,4,519,24
05:47,18,36,5,298,24
05:49,29,37,5,148,8
05:51,8,2,5,394,24
05:53,55,23,10,884,24
05:57,64,20,3,121,24
05:58,39,39,4,720,24
06:00,23,22,4,308,24
06:01,37,45,5,272,8
06:03,62,18,5,373,24
06:05,46,20,13,41,24
06:10,49,26,20,277,24
06:18,50,1,16,529,8
06:24,67,21,5,141,8
06:26,63,15,5,343,24
06:28,69,19,4,265,24
06:29,36,48,6,275,24
06:31,37,43,6,494,24
06:34,18,34,6,78,24
06:36,18,48,4,422,8
06:37,67,7,16,642,24
06:44,47,18,6,764,24
06:46,35,2,6,594,24
06:48,23,12,4,52,24
06:50,15,21,6,163,24
06:52,33,47,26,700,24
07:02,61,21,6,10,24
07:04,26,8,22,68,24
07:13,6,11,8,560,24
07:16,39,27,6,767,24
07:18,28,42,6,354,24
07:20,41,40,5,459,24
07:22,2,12,5,95,8
07:24,52,38,52,626,6
07:44,63,27,4,591,24
07:46,3,19,6,626,24
07:48,46,6,4,386,8
07:50,33,47,48,795,24
08:08,51,48,6,492,24
08:10,41,33,5,581,24
08:12,39,48,5,14,24
08:14,68,44,4,276,8
08:16,64,17,5,549,24
08:18,36,6,22,479,24
08:26,54,38,5,330,24
08:28,61,31,18,688,24
08:35,61,11,5,702,24
08:37,20,5,20,63,24
08:44,27,42,4,91,24
08:46,29,10,5,752,8
08:48,7,38,20,586,8
08:55,11,29,4,826,24
08:57,50,4,4,583,24
08:59,30,41,6,100,24
09:01,16,15,43,74,24
09:17,35,5,6,357,24
09:20,6,25,5,24,24
09:22,65,48,10,201,8
09:25,48,28,5,554,24
09:27,4,1,6,482,24
09:30,23,6,6,249,24
09:32,65,22,6,856,24
09:34,43,6,5,897,24
09:36,53,35,21,472,24
09:44,41,25,12,386,8
09:49,26,36,5,846,24
09:51,23,32,5,224,24
09:53,4,9,4,250,24
09:54,32,11,4,118,24
09:56,70,15,22,329,24
10:04,56,7,5,834,24
10:06,53,11,5,643,24
10:08,50,28,5,814,24
10:10,20,16,5,431,8
10:12,58,13,5,222,24
10:14,36,22,21,625,24
10:22,25,29,8,373,24
10:25,19,7,5,344,24
10:27,40,10,5,107,24
10:29,25,42,4,195,8
10:30,1,46,8,807,24
10:33,43,18,17,680,8
10:40,42,16,5,448,24
10:42,70,8,5,550,24
10:44,31,48,6,310,8
10:46,38,15,4,129,6
10:47,30,33,4,32,24
10:49,35,15,4,132,24
10:50,64,28,3,5,8
10:52,27,31,6,640,8
10:54,59,14,4,765,24
10:55,44,26,21,564,4
11:04,48,18,6,132,8
11:06,66,27,4,119,24
11:07,46,20,6,398,8
11:10,26,48,6,770,24
11:12,14,24,5,47,8
11:14,44,29,9,78,24
11:17,62,32,3,552,24
11:18,54,19,4,876,24
11:20,50,5,4,769,8
11:22,21,24,19,114,24
11:29,46,7,4,312,24
11:30,62,26,19,65,24
11:38,55,32,6,543,24
11:40,36,22,6,447,24
11:42,61,9,5,178,8
11:44,54,26,4,572,24
11:46,6,17,6,12,24
11:48,61,23,4,828,24
11:50,37,36,4,406,24
11:51,29,12,4,188,24
11:53,4,34,4,408,24
11:54,4,49,6,629,24
11:56,6,33,5,391,24
11:58,17,49,53,356,24
12:19,26,15,10,311,24
12:22,47,49,22,174,24
12:31,68,3,5,866,24
12:33,50,47,5,894,24
12:35,36,22,5,433,4
12:37,53,24,6,397,24
12:39,53,1,5,510,24
12:41,64,16,4,453,24
12:42,14,21,53,306,8
13:03,53,41,5,822,24
13:05,3,37,12,408,8
13:09,39,20,10,661,4
13:13,59,29,4,253,24
13:15,41,19,5,786,8
13:17,15,5,11,506,24
13:21,25,44,22,244,24
13:29,69,4,4,503,8
13:31,40,23,5,543,4
13:33,5,35,4,810,24
13:34,12,21,4,494,24
13:36,64,12,6,755,8
13:38,57,43,6,772,8
13:40,59,28,5,629,24
13:42,49,38,4,176,24
13:44,8,35,5,246,24
13:46,21,18,19,16,24
13:53,47,17,4,691,8
13:54,40,16,5,26,8
13:56,51,41,5,147,8
13:58,8,32,6,170,24
14:01,15,49,39,588,8
14:16,11,50,35,654,24
14:29,66,21,4,450,8
14:31,55,34,5,124,24
14:32,7,28,5,487,24
14:34,47,27,4,787,8
14:36,55,20,44,206,24
14:53,66,49,6,280,24
14:55,39,13,19,446,24
15:02,62,5,4,831,24
15:04,12,34,5,220,24
15:06,36,31,4,165,4
15:07,61,41,6,31,24
15:10,41,3,4,739,24
15:11,2,29,35,679,8
15:25,51,10,12,208,24
15:29,68,39,4,84,24
15:31,20,1,4,41,24
15:32,10,11,4,15,24
15:34,23,45,5,533,24
15:36,40,18,2,371,24
15:36,57,40,34,646,24
15:49,7,40,4,770,24
15:51,38,17,5,786,24
15:53,40,31,10,169,8
15:57,27,47,11,210,24
16:01,18,7,6,400,24
16:03,57,18,5,523,24
16:05,57,23,5,401,8
16:07,66,18,6,726,24
16:09,47,1,22,828,24
16:18,53,9,37,413,24
16:32,65,41,5,876,8
16:34,2,39,6,222,24
16:36,24,5,6,196,24
16:39,43,27,6,677,6
16:41,41,43,5,553,24
16:43,61,45,6,137,24
16:45,41,21,4,378,24
16:47,60,48,3,88,8
16:48,24,21,4,600,24
16:49,69,21,4,543,24
16:51,6,27,5,220,24
16:53,33,36,4,802,24
16:54,32,49,6,661,24
16:57,33,20,6,412,24
16:59,27,29,9,115,24
17:02,11,41,14,746,24
17:08,34,31,9,696,24
17:11,65,14,6,873,24
17:13,52,18,4,573,8
17:15,6,9,5,374,24
17:17,50,28,16,41,6
17:23,63,47,6,129,24
17:25,41,38,17,181,4
17:32,29,49,4,389,24
17:33,3,41,6,280,24
17:36,44,42,5,602,24
17:38,65,5,45,27,24
17:55,51,37,19,778,6
18:02,33,45,14,20,24
18:07,25,18,6,882,24
18:10,26,1,5,531,24
18:12,65,23,6,833,24
18:14,24,46,16,434,24
18:20,29,21,6,267,8
18:22,5,31,3,517,8
18:24,54,28,16,279,8
18:30,58,16,4,412,24
18:31,8,11,5,692,24
18:33,53,11,6,640,24
18:35,13,3,6,377,24
18:38,31,16,5,276,8
18:40,42,41,9,367,24
18:43,70,29,10,386,8
18:47,57,17,6,556,8
18:49,52,4,4,254,8
18:51,54,5,6,133,8
18:53,37,40,6,644,24
18:55,47,43,4,99,24
18:57,50,21,4,639,24
18:58,31,42,5,622,24
19:00,15,3,5,517,8
19:02,47,29,5,806,24
19:04,48,26,4,574,24
19:06,57,43,6,775,8
19:08,32,3,5,638,24
19:10,64,50,6,704,24
19:12,64,5,6,462,24
19:15,4,15,6,290,8
19:17,51,42,6,809,24
19:19,17,13,6,158,8
19:21,39,28,8,101,6
19:25,70,40,6,395,8
19:27,7,16,6,180,24
19:29,27,17,4,221,8
19:31,65,29,18,834,8
19:38,33,6,5,295,24
19:39,6,31,4,8,24
19:41,23,22,5,362,24
19:43,29,41,12,366,24
19:48,16,1,10,535,24
19:51,47,29,5,701,8
19:53,48,16,4,510,8
19:55,32,43,4,535,24
19:56,37,23,53,67,8
20:17,46,28,18,655,24
20:24,23,17,5,838,24
20:25,42,35,4,136,24
20:27,37,31,4,446,8
20:29,26,18,6,836,8
20:31,17,12,6,665,24
20:33,10,18,5,37,24
20:35,70,23,4,282,24
20:37,61,33,4,811,8
20:38,27,13,2,139,8
20:39,26,29,5,193,24
20:41,7,44,5,762,24
20:43,13,1,4,305,24
20:44,48,8,6,123,8
20:47,61,21,5,801,8
20:48,37,12,6,31,24
20:51,23,46,6,237,24
20:53,46,9,19,166,8
21:00,34,19,12,429,24
21:05,65,48,5,800,24
21:07,54,12,4,235,24
21:08,40,9,5,493,8
21:10,51,6,5,328,24
21:12,44,20,15,456,24
21:18,46,44,4,626,24
21:20,53,11,5,593,24
21:21,33,46,52,327,24
21:41,53,8,4,62,24
21:43,66,3,4,412,24
21:44,18,16,4,199,24
21:46,17,25,5,656,8
21:48,51,46,4,143,24
21:49,40,44,27,328,24
22:00,50,35,22,103,24
22:08,41,47,14,1,24
22:14,63,1,4,402,24
22:15,36,42,8,66,24
22:18,48,19,16,491,24
22:24,54,4,6,509,24
22:27,18,41,10,117,8
22:30,20,9,5,42,24
22:32,5,29,2,550,24
22:33,70,1,6,642,24
22:35,53,31,17,121,24
22:42,66,17,3,811,8
22:43,24,21,5,735,24
22:45,15,11,4,692,8
22:47,61,21,4,425,24
22:48,44,48,6,200,24
22:50,67,15,4,898,24
22:52,59,25,6,297,24
22:54,20,15,6,188,24
22:57,38,9,4,718,8
22:58,16,29,4,154,24
23:00,1,34,46,271,24
23:17,53,18,4,592,24
23:19,58,19,4,749,24
23:20,63,9,5,868,8
23:22,69,48,4,272,24
23:24,27,16,14,732,8
23:29,51,24,6,151,24
23:31,65,33,11,322,24
23:36,46,22,5,227,6
23:38,61,38,4,598,8
23:39,39,48,6,413,8
23:41,64,44,4,401,8
23:43,4,18,3,533,8
23:44,35,24,6,153,6
23:46,30,31,23,610,6
