00:02,26,16,6,633,8
00:03,59,4,15,20,24
00:07,30,15,5,67,24
00:09,13,37,4,663,24
00:10,57,2,20,368,24
00:16,43,24,4,419,8
00:17,27,20,22,3,8
00:23,56,39,6,128,24
00:25,19,49,6,436,24
00:26,38,22,5,6,8
00:28,54,31,5,352,8
00:29,59,18,8,337,8
00:32,29,27,6,877,8
00:33,13,27,5,160,24
00:35,46,36,4,253,24
00:36,57,9,11,49,24
00:39,12,50,6,738,24
00:41,64,35,3,200,24
00:41,1,47,4,786,24
00:43,11,4,16,586,8
00:47,34,50,59,268,24
01:04,64,14,6,573,24
01:06,29,3,6,544,24
01:07,68,7,4,449,8
01:08,50,31,5,138,8
01:10,66,6,5,725,24
01:11,69,15,6,169,24
01:13,23,49,4,250,24
01:14,70,10,13,334,8
01:18,54,32,40,175,6
01:29,34,29,4,518,24
01:30,8,15,16,291,8
01:35,32,16,6,284,24
01:36,51,17,5,611,24
01:38,22,33,5,294,24
01:39,49,37,6,347,24
01:41,11,40,6,428,8
01:43,68,10,5,259,24
01:44,29,32,21,31,8
01:50,67,49,6,817,24
01:52,37,7,15,467,24
01:56,9,19,16,698,8
02:01,26,15,36,222,8
02:11,70,31,4,185,24
02:12,66,27,4,410,24
02:13,9,49,5,463,24
02:14,5,4,19,493,24
02:20,33,38,14,64,8
02:24,19,31,5,232,24
02:25,32,40,46,641,24
02:38,13,9,5,687,24
02:40,24,46,4,791,24
02:41,41,25,4,475,8
02:42,50,7,4,775,24
02:43,60,8,5,368,24
02:44,43,36,4,422,8
02:46,27,15,4,853,24
02:47,37,7,5,11,24
02:48,36,8,4,496,8
02:49,36,22,9,855,24
02:52,33,33,5,126,24
02:53,27,16,6,500,24
02:55,21,46,4,115,24
02:56,43,34,18,614,24
03:01,50,20,4,326,24
03:02,1,27,4,295,24
03:03,62,3,38,118,24
03:14,22,26,4,568,8
03:15,27,2,6,216,8
03:17,5,25,9,494,24
03:20,55,40,4,788,24
03:21,18,34,17,327,24
03:26,30,49,4,153,24
03:27,61,1,2,203,24
03:27,16,35,4,429,8
03:28,56,16,6,618,24
03:30,37,21,6,156,4
03:32,56,47,4,796,8
03:33,64,17,4,827,24
03:34,13,19,4,741,24
03:35,28,5,15,444,24
03:39,50,49,5,280,8
03:41,20,8,10,176,8
03:44,20,2,19,135,8
03:49,15,44,4,170,24
03:50,43,16,2,451,24
03:51,46,31,11,422,4
03:54,29,28,5,630,24
03:55,23,23,6,130,24
03:57,14,13,5,518,8
03:58,24,34,12,560,8
04:02,7,8,18,383,24
04:07,16,31,6,105,24
04:09,29,18,6,336,8
04:10,58,9,6,264,24
04:12,24,13,4,757,24
04:13,44,41,4,394,24
04:14,23,7,6,601,24
04:16,35,43,5,681,24
04:17,12,36,6,676,24
04:19,66,9,5,683,24
04:20,51,32,6,642,4
04:22,46,18,4,585,8
04:23,64,28,5,694,24
04:25,5,25,4,604,24
04:26,6,40,4,627,24
04:27,5,42,4,290,24
04:28,36,20,6,133,6
04:30,44,13,22,771,24
04:36,34,39,14,566,8
04:40,62,38,16,696,8
04:45,4,15,6,874,24
04:46,21,7,6,275,24
04:48,46,18,5,785,6
04:49,40,33,21,339,24
04:55,34,25,8,75,8
04:58,33,10,5,637,24
04:59,18,28,4,581,24
05:00,62,7,6,749,24
05:02,31,33,6,514,24
05:04,24,15,43,520,24
05:16,9,24,6,527,8
05:17,9,29,5,252,8
05:19,56,3,22,790,24
05:25,14,46,4,513,24
05:26,15,42,5,691,8
05:28,44,46,4,539,24
05:29,22,20,35,667,24
05:39,12,35,6,560,8
05:40,27,31,5,144,24
05:42,13,10,4,107,8
05:43,51,43,4,580,24
05:44,34,16,6,5,24
05:46,21,39,6,314,24
05:47,50,23,5,599,8
05:49,15,46,6,753,24
05:51,69,8,14,281,24
05:55,14,4,21,364,24
06:00,26,15,8,430,24
06:03,39,14,4,851,24
06:04,39,50,4,423,24
06:05,36,40,22,566,8
06:11,31,13,5,602,8
06:13,67,22,4,704,24
06:14,46,32,4,459,4
06:15,69,26,4,842,24
06:16,20,34,37,523,24
06:27,56,48,5,328,8
06:28,52,14,4,623,24
06:29,63,43,57,101,24
06:45,60,23,4,215,8
06:46,15,8,4,16,24
06:48,15,47,6,703,8
06:49,67,35,6,267,8
06:51,24,24,4,246,24
06:52,59,10,4,2,24
06:53,13,4,6,710,8
06:55,25,34,4,734,24
06:56,8,27,6,24,8
06:58,8,6,4,543,8
06:59,6,19,4,741,24
07:00,56,16,4,62,8
07:01,6,1,5,759,24
07:03,6,36,5,810,24
07:04,37,36,6,492,6
07:06,33,11,12,628,8
07:09,62,21,5,52,24
07:10,29,23,17,509,24
07:15,43,5,4,286,24
07:16,18,50,5,5,24
07:18,7,42,4,110,8
07:19,17,27,38,638,24
07:30,5,34,4,706,24
07:31,55,38,14,81,24
07:35,54,23,4,343,24
07:36,46,31,5,206,24
07:37,21,34,4,570,24
07:39,55,47,16,653,24
07:43,43,49,5,846,24
07:44,59,38,4,637,24
07:46,20,4,54,315,8
08:01,13,28,5,276,24
08:02,49,2,4,70,8
08:03,5,29,5,144,24
08:05,49,8,4,238,8
08:06,27,23,5,880,24
08:07,43,11,6,364,24
08:09,33,38,12,178,8
08:13,19,9,5,814,24
08:14,8,2,4,591,24
08:15,63,23,29,321,8
08:23,24,4,16,740,8
08:28,4,9,4,251,24
08:29,48,38,6,285,24
08:31,6,31,16,786,24
08:35,28,25,5,459,24
08:37,35,50,6,794,24
08:38,14,45,5,94,8
08:40,37,20,5,565,6
08:41,14,35,4,215,8
08:42,19,15,6,322,8
08:44,61,39,14,494,24
08:48,51,18,4,847,24
08:49,61,10,6,855,24
08:51,18,4,18,863,8
08:56,36,11,22,827,24
09:02,29,11,5,147,8
09:04,40,45,17,738,8
09:08,50,24,6,247,24
09:10,49,26,6,883,6
09:12,30,20,13,616,24
09:15,2,18,4,39,24
09:17,44,9,5,264,8
09:18,66,22,6,421,8
09:20,64,20,6,505,24
09:21,20,23,15,554,24
09:26,32,2,4,654,8
09:27,40,23,24,267,4
09:34,48,11,18,278,24
09:39,65,26,5,163,8
09:40,50,48,5,367,8
09:41,7,7,4,128,24
09:43,61,47,6,158,24
09:44,50,44,6,332,8
09:46,4,40,5,316,24
09:47,67,39,22,149,24
09:54,24,11,33,33,24
10:03,27,48,4,789,24
10:04,16,29,4,555,8
10:05,46,38,6,458,24
10:07,12,39,8,694,24
10:09,69,31,17,325,24
10:14,51,46,6,589,24
10:16,2,3,6,644,8
10:17,67,26,6,436,24
10:19,33,46,6,898,24
10:21,10,43,5,448,8
10:22,36,22,4,418,24
10:23,33,4,6,686,8
10:25,66,41,5,787,8
10:27,26,37,6,720,24
10:28,43,36,4,699,24
10:29,28,48,5,161,8
10:31,62,23,4,589,24
10:32,62,13,4,816,24
10:33,19,50,4,556,24
10:34,65,5,23,623,8
10:41,65,42,4,397,24
10:42,29,12,5,768,24
10:43,31,2,5,684,24
10:45,8,49,4,356,8
10:46,17,22,8,358,24
10:48,63,6,5,243,24
10:49,22,3,5,314,24
10:51,58,31,4,55,24
10:52,9,32,3,242,24
10:53,63,49,2,800,8
10:53,18,49,4,39,8
10:55,44,1,12,134,8
10:58,21,35,6,760,24
11:00,55,49,13,711,24
11:03,27,24,4,516,24
11:05,19,20,4,623,8
11:06,31,31,20,292,24
11:11,53,9,4,118,8
11:12,15,33,6,215,24
11:14,65,22,4,682,24
11:15,11,20,22,310,24
11:22,69,3,6,574,8
11:23,5,6,5,359,24
11:25,39,38,4,617,24
11:26,2,29,4,666,24
11:27,46,24,6,216,24
11:29,17,48,6,636,24
11:30,55,29,27,218,24
11:38,43,33,6,581,24
11:40,30,45,4,873,24
11:41,11,38,6,456,24
11:42,39,7,4,210,24
11:44,20,32,5,360,24
11:45,60,28,18,597,24
11:50,9,1,4,490,24
11:51,10,24,6,753,24
11:53,35,31,4,497,6
11:54,27,42,6,305,8
11:56,31,50,5,649,8
11:57,33,43,50,237,8
12:11,46,1,17,371,8
12:16,63,33,4,126,24
12:17,2,31,5,812,8
12:19,46,31,4,184,24
12:20,46,45,4,556,24
12:21,21,43,4,251,8
12:22,14,38,5,85,24
12:24,34,28,16,37,24
12:28,15,42,6,668,24
12:30,33,18,6,434,6
12:31,54,44,18,404,8
12:37,54,31,4,639,24
12:38,60,49,4,702,24
12:39,46,25,6,524,24
12:41,59,42,5,812,24
12:42,67,31,4,228,8
12:43,62,28,4,768,24
12:44,21,5,19,267,8
12:50,31,12,10,578,8
12:52,48,1,8,738,24
12:55,46,18,6,357,24
12:56,51,41,6,461,24
12:58,57,7,6,283,24
13:00,67,20,21,209,24
13:06,13,38,6,337,24
13:07,11,24,3,884,24
13:08,62,33,16,853,24
13:13,66,36,51,698,24
13:27,64,36,19,301,24
13:33,23,16,6,438,8
13:34,32,37,6,235,6
13:36,33,12,5,733,24
13:38,11,22,6,130,24
13:39,17,27,6,732,8
13:41,17,37,28,96,24
13:49,18,46,9,780,24
13:51,50,33,48,864,24
14:05,69,41,6,266,24
14:07,17,19,5,419,24
14:08,44,36,24,705,8
14:15,34,13,6,225,24
14:17,32,12,6,351,24
14:18,22,35,6,526,24
14:20,46,6,6,50,8
14:22,28,35,5,410,24
14:23,27,23,6,700,8
14:25,24,6,6,804,24
14:27,23,38,6,292,8
14:28,38,8,6,635,24
14:30,24,45,19,772,24
14:35,28,34,4,549,8
14:36,14,43,6,551,8
14:38,42,26,5,729,4
14:40,23,39,50,242,24
14:54,5,19,5,351,24
14:55,26,4,4,795,24
14:56,28,8,21,602,8
15:02,54,17,9,525,24
15:05,11,17,6,33,24
15:06,8,12,6,179,24
15:08,54,40,4,653,24
15:09,37,33,4,581,4
15:10,37,15,5,886,8
15:12,58,49,34,179,24
15:21,43,8,4,640,24
15:23,35,31,6,177,8
15:24,54,43,5,709,24
15:26,7,27,14,283,24
15:30,6,40,20,181,24
15:35,24,3,6,854,24
15:37,48,27,4,64,8
15:38,32,48,53,519,8
15:53,68,34,6,467,24
15:55,48,42,6,314,24
15:57,66,21,6,717,24
15:58,52,34,6,162,24
16:00,52,38,5,18,24
16:01,37,28,4,675,6
16:03,60,47,4,646,8
16:04,34,46,6,481,24
16:05,40,13,5,229,8
16:07,65,4,6,455,24
16:09,54,5,6,671,24
16:10,56,20,4,587,24
16:11,56,13,6,874,24
16:13,32,42,5,609,24
16:14,28,21,17,109,24
16:19,2,48,6,270,24
16:21,29,50,5,473,8
16:22,25,43,4,75,24
16:24,38,39,16,661,4
16:28,46,21,6,358,8
16:30,46,42,5,633,24
16:31,1,33,4,123,24
16:32,49,49,6,704,24
16:34,12,23,6,480,24
16:36,35,43,4,194,24
16:37,41,11,6,672,24
16:39,7,20,23,253,24
16:45,20,2,4,173,24
16:46,41,28,5,783,24
16:48,61,39,4,624,24
16:49,19,49,4,876,24
16:50,57,28,5,78,8
16:51,64,45,6,762,24
16:53,60,4,18,779,8
16:58,64,17,5,431,24
17:00,67,26,4,206,24
17:01,15,7,17,394,24
17:05,2,23,4,21,24
17:07,38,45,47,398,24
17:20,26,19,20,801,24
17:26,13,43,5,604,24
17:27,30,31,40,790,6
17:38,23,31,6,675,24
17:40,20,25,8,819,24
17:42,49,44,4,512,8
17:43,54,31,6,596,6
17:45,48,3,40,274,24
17:56,52,13,21,523,24
18:02,61,31,13,849,8
18:06,56,10,4,34,24
18:07,43,50,12,560,24
18:11,3,22,17,890,24
18:15,14,25,4,470,8
18:17,51,9,4,120,24
18:18,6,21,11,451,24
18:21,29,42,6,307,24
18:23,25,15,5,846,8
18:24,26,21,4,854,24
18:25,30,29,5,121,24
18:27,9,10,41,603,24
18:38,69,1,4,508,24
18:39,40,43,5,817,24
18:41,20,39,4,598,8
18:42,16,3,4,826,8
18:43,32,33,10,668,24
18:46,3,27,6,622,24
18:47,12,8,18,10,24
18:53,50,28,29,588,24
19:01,70,9,6,494,24
19:02,23,21,5,321,24
19:04,59,16,4,502,24
19:05,60,5,14,498,24
19:09,70,35,5,537,24
19:10,8,31,6,96,24
19:12,32,21,6,24,6
19:14,2,29,5,838,24
19:15,40,26,11,868,4
19:18,28,6,5,854,24
19:20,60,43,4,23,24
19:21,37,37,12,447,24
19:24,48,26,6,265,24
19:26,70,25,5,857,24
19:27,35,31,4,179,24
19:29,8,11,5,41,24
19:30,59,31,5,49,8
19:31,17,33,4,701,24
19:33,4,40,4,98,24
19:34,24,10,6,264,8
19:35,3,31,5,168,24
19:37,60,19,6,766,24
19:38,8,26,4,817,24
19:40,62,10,5,205,24
19:41,53,50,5,59,24
19:42,50,9,4,722,24
19:44,64,36,5,259,24
19:45,47,20,5,679,24
19:46,4,5,35,594,8
19:56,41,40,22,421,24
20:03,25,48,5,510,24
20:04,32,22,10,554,24
20:07,44,33,4,202,24
20:08,16,47,6,781,24
20:10,35,22,6,252,24
20:11,4,44,5,613,24
20:13,47,4,4,432,24
20:14,60,34,5,653,24
20:15,50,31,6,623,4
20:17,27,48,11,353,24
20:20,64,48,5,712,24
20:22,12,48,5,440,24
20:23,2,4,3,529,24
20:24,18,1,4,343,24
20:25,62,40,4,205,8
20:26,28,37,5,391,24
20:27,51,26,5,20,24
20:29,55,15,47,93,24
20:42,40,11,5,80,24
20:44,58,33,5,354,24
20:45,19,27,4,28,24
20:46,22,28,4,433,24
20:47,46,5,11,538,24
20:50,42,33,17,102,6
20:55,1,40,4,479,24
20:56,26,29,5,279,24
20:58,7,1,4,101,24
20:59,21,32,4,671,24
21:00,58,1,6,449,8
21:02,69,10,4,867,24
21:03,53,26,5,355,24
21:04,59,33,4,878,8
21:05,18,29,6,272,24
21:07,36,8,17,391,24
21:12,66,7,16,450,8
21:17,3,46,4,157,24
21:18,34,27,4,169,24
21:19,44,32,5,12,4
21:20,41,33,4,330,24
21:21,67,43,4,877,24
21:22,28,13,18,774,24
21:28,52,2,4,237,24
21:29,68,6,6,342,24
21:30,4,35,4,155,24
21:32,31,18,4,192,6
21:33,55,38,10,785,24
21:35,31,11,5,438,24
21:37,54,17,4,259,24
21:38,67,49,36,308,24
21:48,48,17,44,826,24
22:01,25,45,6,361,24
22:02,56,9,4,620,24
22:04,40,48,5,463,24
22:05,7,12,34,419,24
22:15,53,25,8,374,24
22:17,46,50,5,14,24
22:18,23,12,6,288,24
22:20,20,45,6,600,24
22:22,29,21,6,497,24
22:23,49,42,6,155,24
22:25,21,37,12,892,24
22:28,53,15,4,653,24
22:30,15,39,5,783,24
22:31,63,40,6,329,24
22:33,14,1,15,473,24
22:37,25,13,5,206,24
22:38,2,35,4,643,24
22:40,56,5,4,701,24
22:41,41,41,5,243,24
22:42,49,35,5,503,24
22:43,53,3,5,346,24
22:45,46,34,6,161,24
22:47,43,19,36,488,24
22:57,59,2,20,505,24
23:02,35,32,5,211,24
23:04,18,48,4,24,24
23:05,36,23,4,714,6
23:06,20,23,5,699,24
23:08,55,1,6,827,24
23:09,55,21,2,116,24
23:10,21,6,6,116,24
23:12,46,8,5,687,24
23:13,23,37,6,118,24
23:15,40,31,6,486,6
23:16,43,26,9,641,6
23:19,32,31,14,216,6
23:23,42,34,3,151,6
