00:01,65,34,6,520,8
00:03,11,46,55,877,24
00:30,1,43,6,198,8
00:33,26,34,4,303,24
00:35,17,3,35,866,24
00:52,20,4,25,346,24
01:04,13,29,5,893,24
01:06,32,46,6,3,24
01:09,41,2,6,373,24
01:12,1,29,14,833,8
01:19,39,33,6,811,4
01:22,25,19,25,816,24
01:34,10,9,5,473,24
01:36,54,10,4,303,24
01:38,35,37,6,275,8
01:41,17,22,21,869,24
01:51,3,33,6,59,8
01:54,58,17,40,325,8
02:13,28,37,4,219,24
02:15,38,41,4,541,8
02:17,35,41,4,763,24
02:19,8,38,9,453,24
02:24,51,34,6,3,24
02:26,37,41,4,605,8
02:28,10,12,5,58,8
02:31,32,17,4,509,24
02:33,30,29,5,455,24
02:35,56,31,20,323,24
02:45,16,23,43,227,24
03:06,3,16,4,453,24
03:08,53,8,6,719,24
03:10,15,32,6,387,24
03:13,39,23,16,864,6
03:21,53,39,5,759,24
03:24,15,26,4,449,24
03:25,35,38,6,699,4
03:28,29,9,5,855,24
03:31,47,21,4,208,24
03:33,28,39,4,711,24
03:35,46,33,6,541,24
03:38,21,14,6,548,8
03:40,47,44,10,322,24
03:45,24,34,21,547,24
03:55,54,35,5,82,24
03:58,68,5,5,220,24
04:00,42,4,30,753,8
04:15,29,36,44,262,8
04:36,14,12,5,767,8
04:38,51,20,6,338,24
04:41,39,33,4,173,6
04:43,30,50,37,74,24
05:01,22,5,12,618,8
05:07,21,1,5,159,24
05:09,60,9,22,217,24
05:20,40,46,6,438,8
05:23,59,48,6,151,24
05:26,20,40,4,375,24
05:28,43,21,6,168,4
05:31,33,15,4,44,24
05:33,14,37,4,637,24
05:34,18,1,8,740,8
05:38,3,42,8,461,24
05:42,29,39,4,774,8
05:44,57,22,15,701,24
05:51,29,3,5,473,24
05:54,38,46,52,528,24
06:19,51,36,28,888,6
06:32,32,33,18,479,24
06:41,18,1,4,806,24
06:43,30,11,5,717,8
06:46,17,42,5,434,24
06:48,39,42,4,651,24
06:50,42,27,5,492,4
06:52,29,14,17,634,24
07:01,61,50,6,137,24
07:03,37,24,3,544,24
07:05,38,37,5,200,24
07:07,13,47,4,628,24
07:09,58,48,5,393,24
07:12,36,34,4,328,4
07:14,16,23,19,445,24
07:23,52,34,6,876,8
07:26,52,36,20,782,24
07:35,22,47,14,813,8
07:42,46,22,6,885,6
07:45,43,39,2,140,24
07:46,12,37,5,793,24
07:48,5,9,6,532,24
07:51,67,12,4,302,24
07:53,59,45,4,874,24
07:55,32,11,9,123,24
07:59,47,18,6,870,24
08:02,44,14,5,863,24
08:05,66,26,4,461,24
08:07,39,39,6,62,6
08:10,49,5,5,830,8
08:12,48,10,6,255,24
08:15,37,45,5,265,8
08:17,43,17,4,89,6
08:19,51,10,2,691,24
08:20,17,45,6,167,8
08:23,23,26,4,309,24
08:25,41,23,20,39,8
08:35,7,15,6,635,8
08:38,4,45,6,730,24
08:41,40,27,5,362,24
08:43,39,4,11,264,8
08:48,33,49,49,861,8
09:12,16,33,4,378,8
09:14,10,18,41,105,24
09:34,52,24,6,58,8
09:37,41,25,14,537,8
09:43,18,48,4,850,24
09:45,12,16,4,71,24
09:47,53,33,5,640,24
09:50,17,15,5,632,24
09:52,49,25,4,680,6
09:54,27,37,6,182,8
09:57,19,19,14,771,24
10:04,69,46,14,344,24
10:10,44,42,6,250,8
10:13,41,5,5,575,24
10:16,22,37,6,730,24
10:19,12,31,6,675,24
10:22,44,34,4,448,24
10:24,14,37,6,724,24
10:26,2,44,41,764,24
10:46,20,31,5,418,24
10:49,53,41,6,34,24
10:52,32,49,5,397,24
10:54,21,9,5,571,24
10:56,61,46,6,233,24
10:59,1,27,6,368,8
11:02,55,48,5,305,24
11:05,61,38,19,53,24
11:14,56,18,4,451,8
11:16,51,10,4,128,24
11:18,35,41,4,612,24
11:20,22,40,5,693,24
11:22,41,48,43,613,24
11:43,48,41,21,861,24
11:53,11,13,13,818,24
11:59,27,28,4,96,24
12:01,33,12,4,760,24
12:03,53,14,6,200,24
12:06,52,50,4,444,24
12:08,56,13,5,623,8
12:10,25,6,5,702,24
12:13,35,12,21,332,24
12:23,28,12,5,855,24
12:25,27,38,6,621,8
12:28,21,9,5,332,8
12:31,27,14,13,448,24
12:37,35,4,15,839,24
12:44,62,45,4,660,24
12:46,2,29,4,791,24
12:48,42,24,11,606,24
12:53,51,43,5,304,24
12:56,39,7,5,360,24
12:58,50,20,5,742,24
13:01,60,36,5,431,24
13:03,21,5,5,379,24
13:05,68,7,4,682,24
13:07,3,4,5,46,24
13:10,55,41,6,761,24
13:13,49,20,4,23,4
13:15,44,36,5,645,24
13:17,46,19,4,83,24
13:19,38,15,3,863,24
13:20,24,15,6,851,24
13:23,43,43,6,485,24
13:26,68,9,44,490,24
13:47,41,28,28,594,4
14:01,23,38,4,412,8
14:03,5,27,17,408,24
14:11,15,45,13,208,24
14:17,27,1,4,827,24
14:19,10,16,21,159,24
14:30,70,13,4,117,24
14:31,47,40,5,484,24
14:34,19,25,6,413,24
14:37,48,4,55,195,24
15:03,34,26,6,242,24
15:06,65,8,5,351,24
15:09,6,33,5,850,24
15:11,46,26,5,530,8
15:14,69,32,20,660,24
15:23,39,45,4,448,24
15:25,66,7,4,378,24
15:27,18,33,4,455,24
15:29,23,7,20,577,8
15:39,38,39,44,714,24
16:00,35,36,4,875,24
16:02,3,36,11,256,8
16:07,34,5,18,535,24
16:16,14,45,14,455,24
16:23,3,39,5,296,8
16:25,30,24,4,425,8
16:27,68,31,21,512,24
16:37,55,45,4,361,24
16:39,58,20,16,785,8
16:47,14,24,22,75,24
16:57,8,44,6,730,8
17:00,40,37,42,459,8
17:21,6,40,4,382,24
17:23,10,44,8,838,24
17:26,66,32,5,383,8
17:29,38,14,6,2,24
17:32,54,24,5,269,8
17:34,1,48,5,869,8
17:37,37,47,4,67,24
17:39,60,45,11,825,8
17:44,18,31,6,172,24
17:47,52,23,5,519,8
17:49,61,25,4,515,8
17:51,9,37,5,162,24
17:54,4,26,10,163,24
17:58,18,4,17,299,8
18:07,36,4,4,873,24
18:08,36,23,9,468,24
18:13,35,4,5,559,24
18:15,10,8,4,758,24
18:17,49,19,5,777,8
18:20,58,5,15,401,24
18:27,53,46,15,535,24
18:34,20,36,5,796,24
18:37,57,18,22,455,24
18:47,21,50,20,813,24
18:57,10,17,14,620,24
19:04,1,13,48,122,24
19:27,23,1,6,790,24
19:30,33,20,4,825,8
19:32,4,27,5,134,8
19:34,67,47,6,652,24
19:37,23,23,6,2,24
19:40,39,13,4,409,24
19:42,46,14,4,836,24
19:44,68,42,6,571,24
19:47,30,48,4,520,24
19:49,51,11,5,866,8
19:51,38,27,6,670,6
19:54,34,29,4,518,8
19:56,56,48,6,410,24
19:59,32,26,52,552,24
20:24,22,10,4,696,8
20:26,44,31,5,572,24
20:28,29,20,6,318,24
20:31,27,36,4,451,24
20:33,25,13,4,235,24
20:35,36,31,6,251,8
20:38,3,23,5,512,24
20:40,64,45,4,527,24
20:42,41,1,6,341,24
20:45,7,18,6,217,24
20:48,16,42,5,435,8
20:50,65,6,4,695,24
20:52,7,19,20,25,8
21:02,8,26,5,60,8
21:04,52,13,4,75,24
21:06,27,47,5,660,24
21:09,13,6,14,596,24
21:16,42,23,4,467,24
21:17,12,29,6,3,8
21:20,44,4,4,325,8
21:22,52,4,4,656,24
21:24,35,5,9,229,24
21:29,21,46,6,72,24
21:31,12,46,59,360,24
22:00,11,38,4,423,24
22:02,64,48,6,106,24
22:05,15,36,15,791,24
22:12,70,13,4,113,8
22:14,5,36,23,166,8
22:25,61,3,4,299,24
22:27,28,28,17,642,24
22:35,32,19,4,743,6
22:37,37,31,6,634,24
22:40,12,33,20,37,24
22:50,23,16,9,415,24
22:54,15,46,2,402,8
22:55,47,4,9,27,8
22:59,42,34,4,664,24
23:01,65,7,4,282,24
23:03,66,2,6,329,24
23:06,44,28,16,88,24
23:14,54,32,5,496,6
23:16,57,24,6,106,8
23:19,28,5,5,603,8
23:22,57,6,4,835,8
23:24,7,39,5,146,8
23:26,51,43,6,75,8
23:29,70,27,5,342,8
23:31,30,14,3,899,8
23:33,50,29,4,748,6
23:35,42,22,6,663,6
23:38,23,14,4,487,8
23:40,48,31,6,348,6
23:42,43,29,4,746,6
23:44,47,33,4,421,6
23:46,54,26,4,324,6
23:48,38,22,4,157,6
23:50,52,21,3,569,6
