00:03,18,42,4,748,24
00:05,17,42,4,655,8
00:07,38,39,4,722,24
00:10,32,45,6,380,24
00:13,54,3,6,659,24
00:17,69,25,4,52,24
00:19,35,17,6,109,24
00:22,50,35,4,657,24
00:25,1,44,19,428,24
00:36,32,2,5,34,24
00:39,66,50,4,418,24
00:41,56,26,54,421,24
01:13,47,3,6,93,24
01:16,26,32,6,772,24
01:20,10,2,4,879,24
01:22,24,3,18,481,24
01:32,24,46,8,261,8
01:37,34,11,16,112,24
01:46,58,9,11,516,24
01:53,66,3,5,896,24
01:56,70,21,6,852,24
01:59,52,16,4,408,8
02:02,39,14,23,66,24
02:15,25,26,10,218,8
02:21,4,49,4,785,8
02:23,20,39,5,236,24
02:26,32,2,12,219,24
02:33,64,24,4,367,24
02:35,59,23,5,45,24
02:38,39,33,24,301,8
02:52,7,2,5,758,8
02:55,56,9,12,523,24
03:02,16,25,5,696,24
03:05,67,15,6,758,24
03:09,31,20,4,166,8
03:11,59,45,4,334,8
03:13,36,32,5,609,24
03:16,23,10,14,752,24
03:24,25,31,5,214,24
03:27,38,46,16,566,24
03:37,6,40,6,127,24
03:40,20,15,5,533,24
03:43,23,2,43,136,24
04:08,52,31,6,70,6
04:12,65,33,4,552,24
04:14,44,19,6,683,6
04:17,55,40,6,4,24
04:21,31,34,4,116,6
04:23,27,11,4,307,8
04:26,29,13,4,760,24
04:28,50,32,5,24,6
04:31,23,8,3,61,24
04:33,31,35,5,716,8
04:36,38,23,6,212,8
04:39,37,38,5,812,24
04:42,67,15,5,103,24
04:45,66,42,6,250,24
04:48,15,41,4,852,24
04:51,57,7,6,683,24
04:54,42,12,29,631,24
05:11,40,42,5,858,24
05:14,8,44,11,484,24
05:20,58,39,11,820,24
05:27,31,4,6,665,24
05:30,51,12,16,64,8
05:40,4,36,5,774,8
05:43,39,11,5,801,24
05:46,49,4,6,625,8
05:49,20,50,50,837,8
06:18,1,27,4,625,24
06:21,59,8,6,347,24
06:24,32,20,5,530,24
06:27,68,29,4,437,24
06:29,39,36,6,453,8
06:33,35,11,6,748,24
06:36,54,16,6,370,6
06:40,11,28,5,423,24
06:43,21,44,4,8,8
06:45,37,11,6,833,8
06:49,19,19,4,823,24
06:51,62,23,4,161,24
06:53,13,20,6,575,8
06:57,37,16,4,610,24
06:59,20,34,5,523,8
07:02,35,5,6,299,24
07:05,1,27,5,678,24
07:08,56,39,12,523,24
07:15,16,2,5,525,8
07:18,14,46,6,337,24
07:22,53,25,8,210,6
07:26,48,18,6,24,24
07:30,29,20,13,776,24
07:38,46,23,5,766,4
07:40,44,49,22,579,24
07:53,33,12,4,657,24
07:56,54,41,5,825,8
07:59,32,33,25,161,24
08:13,52,26,4,93,6
08:15,32,34,4,755,24
08:18,53,28,5,195,24
08:21,33,32,6,521,24
08:24,3,4,6,704,24
08:28,58,2,4,220,24
08:30,31,49,5,820,24
08:33,29,38,4,855,24
08:35,20,22,6,50,24
08:39,63,11,5,173,24
08:42,40,40,5,839,24
08:45,8,39,6,565,24
08:48,29,44,4,290,24
08:50,6,50,4,96,24
08:53,54,40,4,318,24
08:55,59,29,6,735,8
08:59,55,25,44,365,8
09:24,37,32,6,274,6
09:28,5,44,12,780,24
09:35,37,38,4,41,24
09:37,57,18,6,99,24
09:41,34,21,18,257,6
09:51,7,21,5,14,24
09:54,35,47,4,788,8
09:56,63,46,58,484,24
10:30,65,23,4,165,8
10:33,20,37,6,292,8
10:36,43,18,9,258,24
10:41,44,38,6,473,24
10:45,67,35,21,144,8
10:57,15,27,20,647,8
11:09,68,26,5,229,24
11:12,35,2,5,219,8
11:15,10,24,6,823,24
11:18,2,15,6,438,8
11:22,34,36,22,253,6
11:34,41,20,5,861,6
11:37,52,33,2,897,24
11:38,34,32,5,724,24
11:41,65,50,6,360,24
11:45,40,31,4,825,6
11:47,10,21,4,46,24
11:50,50,47,2,222,24
11:51,49,33,6,235,4
11:54,48,13,17,565,24
12:04,37,49,59,703,24
12:39,55,24,4,871,24
12:41,66,47,51,49,24
13:11,7,31,5,24,24
13:14,36,13,12,638,24
13:21,59,6,5,282,24
13:23,15,7,5,749,24
13:26,36,49,6,764,8
13:30,46,28,6,785,4
13:33,52,43,4,456,8
13:36,56,42,23,159,24
13:49,29,43,5,123,24
13:52,27,27,4,372,24
13:54,48,32,3,701,6
13:56,11,37,18,722,24
14:07,59,1,4,69,24
14:09,33,43,6,222,24
14:12,64,33,5,506,8
14:15,27,11,5,650,8
14:18,61,17,5,290,24
14:21,46,43,5,174,24
14:24,13,19,5,415,24
14:27,56,11,6,216,8
14:31,2,23,16,498,24
14:40,47,18,21,400,8
14:52,46,33,6,9,24
14:56,9,32,5,445,24
14:59,58,49,21,836,24
15:11,42,21,22,731,24
15:24,38,19,5,28,8
15:27,6,12,5,535,24
15:29,21,11,9,750,24
15:35,17,21,6,762,24
15:38,46,31,5,863,24
15:41,17,20,4,42,24
15:43,10,2,5,83,24
15:46,44,23,4,42,24
15:49,17,9,12,319,24
15:56,56,33,4,9,24
15:58,65,11,4,64,24
16:00,56,3,13,25,24
16:08,41,7,4,364,24
16:10,46,8,17,388,24
16:20,13,5,17,240,24
16:30,66,45,6,287,24
16:34,46,20,6,412,24
16:37,28,36,4,237,24
16:39,29,23,11,826,8
16:46,5,35,5,407,8
16:49,25,43,5,397,24
16:52,39,31,6,66,4
16:55,41,10,15,459,24
17:04,14,12,6,404,8
17:07,29,15,4,85,24
17:10,63,5,17,483,24
17:20,39,24,6,775,24
17:23,66,12,6,179,8
17:27,46,36,6,72,24
17:30,52,28,5,546,4
17:33,6,2,5,487,8
17:36,57,4,5,609,24
17:39,57,35,6,322,24
17:42,33,9,19,593,8
17:54,15,26,48,54,24
18:22,48,6,17,184,24
18:31,50,37,5,488,24
18:34,21,37,8,149,24
18:39,6,26,19,518,24
18:50,4,24,6,635,24
18:54,26,1,5,102,8
18:57,46,17,11,125,8
19:03,46,39,22,560,24
19:16,35,16,5,582,8
19:19,21,21,44,711,24
19:44,68,21,18,236,24
19:55,5,35,23,332,24
20:08,31,21,4,651,24
20:11,62,3,4,342,8
20:13,15,46,4,872,24
20:15,51,41,5,587,24
20:18,48,5,4,432,24
20:21,37,24,4,881,24
20:23,16,35,2,569,24
20:24,68,46,6,785,8
20:28,50,40,4,137,8
20:30,21,15,5,592,8
20:33,8,19,12,209,8
20:40,46,19,6,316,24
20:43,28,48,5,91,8
20:46,46,38,5,870,8
20:49,25,21,4,195,24
20:51,35,29,5,162,24
20:54,57,13,5,725,24
20:57,60,16,13,163,24
21:05,23,32,14,350,24
21:13,34,35,4,128,24
21:15,65,37,5,60,24
21:18,11,18,4,479,24
21:21,31,18,6,231,8
21:24,31,23,4,7,24
21:26,33,41,5,538,8
21:29,1,21,5,738,8
21:32,66,11,20,160,24
21:44,1,49,14,345,24
21:52,15,19,4,201,24
21:54,15,50,12,212,8
22:01,22,37,4,893,8
22:04,31,9,11,601,24
22:10,69,41,4,842,24
22:13,19,47,4,740,24
22:15,35,22,5,175,24
22:18,15,28,4,145,24
22:20,69,14,5,561,24
22:23,36,27,51,283,8
22:53,34,43,4,806,8
22:55,9,15,6,133,8
22:59,65,50,4,521,24
23:01,28,15,5,197,24
23:04,18,29,11,113,24
23:10,39,25,24,535,24
23:24,33,13,4,676,8
23:27,58,13,4,351,8
23:29,22,25,4,26,8
23:31,36,20,4,30,4
23:34,51,35,6,838,4
23:37,47,27,6,379,4
23:41,46,34,4,403,4
