00:01,69,7,4,106,8
00:03,5,28,53,797,8
00:37,5,49,6,491,24
00:40,23,3,4,46,24
00:43,2,50,6,66,8
00:47,38,2,9,571,8
00:52,4,13,6,270,24
00:56,58,50,4,714,24
00:59,44,3,4,181,24
01:01,14,14,5,152,8
01:04,59,9,4,673,24
01:07,58,31,4,598,24
01:10,33,47,29,361,24
01:28,6,39,21,463,8
01:41,13,23,13,306,24
01:49,63,3,17,651,8
02:00,69,9,4,407,24
02:03,15,13,5,842,24
02:06,2,38,4,242,24
02:08,66,6,21,867,8
02:22,53,21,4,837,24
02:24,30,24,4,561,24
02:27,34,34,4,89,8
02:29,34,32,16,264,24
02:39,49,38,4,265,4
02:42,54,16,4,711,6
02:45,11,24,6,236,24
02:48,17,24,5,640,24
02:52,51,20,4,523,24
02:54,41,8,5,498,24
02:57,2,7,6,166,24
03:01,42,18,15,842,24
03:11,30,23,9,529,24
03:16,35,35,2,363,8
03:17,32,8,4,125,24
03:20,52,19,5,565,24
03:23,63,44,4,172,24
03:26,68,47,38,854,8
03:50,22,16,5,222,8
03:53,21,23,6,95,24
03:57,35,11,11,355,8
04:04,61,20,6,89,24
04:08,41,42,16,306,8
04:18,15,35,4,596,24
04:20,54,20,8,130,8
04:25,37,40,4,399,24
04:28,5,31,6,214,24
04:32,34,32,4,326,6
04:34,38,20,4,397,8
04:37,46,23,6,776,8
04:40,18,23,5,81,24
04:44,63,20,6,744,24
04:47,28,34,14,681,8
04:56,38,28,12,81,24
05:04,47,44,5,100,24
05:07,42,31,4,121,4
05:10,66,38,21,587,8
05:23,40,48,4,351,24
05:25,28,12,4,801,24
05:28,37,11,5,307,24
05:31,28,47,4,155,24
05:34,44,22,5,727,6
05:37,39,38,5,371,4
05:40,20,31,20,728,8
05:53,49,1,10,89,24
05:59,10,31,58,525,8
06:36,24,13,5,746,24
06:39,28,9,4,78,24
06:41,17,17,4,243,24
06:44,11,27,6,420,8
06:48,49,21,4,366,4
06:50,42,8,4,117,8
06:53,35,26,8,112,24
06:58,41,3,4,734,24
07:00,57,22,6,887,24
07:04,27,15,23,411,24
07:19,12,5,28,265,24
07:37,57,14,14,59,8
07:45,38,27,5,233,8
07:49,70,1,5,259,24
07:52,27,35,4,476,24
07:54,17,19,4,464,24
07:57,26,18,5,259,24
08:00,33,3,6,361,8
08:04,42,47,6,639,24
08:08,41,37,6,774,24
08:11,48,48,21,633,24
08:25,38,29,6,330,24
08:28,69,46,44,787,24
08:56,43,38,15,803,24
09:06,34,42,5,864,24
09:09,26,16,47,255,24
09:39,7,5,5,16,24
09:42,3,25,4,857,24
09:44,23,25,38,123,24
10:09,16,42,4,141,24
10:11,63,2,22,110,8
10:25,32,14,6,300,8
10:29,38,48,53,346,24
11:02,35,17,5,828,24
11:06,53,25,15,60,24
11:15,65,33,29,171,24
11:33,63,44,5,545,24
11:37,66,34,4,418,24
11:39,50,13,6,395,8
11:43,8,34,5,244,24
11:46,65,27,6,859,24
11:50,4,46,6,559,8
11:54,56,20,5,409,24
11:57,68,22,40,679,24
12:22,52,6,16,438,24
12:32,34,38,6,265,8
12:36,7,33,48,92,24
13:06,47,22,2,397,8
13:08,65,5,4,271,24
13:10,13,50,5,84,24
13:13,42,31,4,719,6
13:16,38,37,12,259,24
13:24,51,27,4,841,24
13:26,50,27,27,876,4
13:43,57,49,5,490,8
13:46,62,40,37,835,24
14:10,69,24,5,337,8
14:13,55,18,21,552,8
14:26,23,7,6,696,24
14:30,50,4,5,435,8
14:33,48,10,4,665,24
14:36,32,8,41,831,24
15:02,50,35,5,510,24
15:05,34,50,4,179,24
15:07,70,1,6,232,24
15:11,19,49,5,843,24
15:14,5,9,6,339,8
15:18,55,40,13,682,8
15:26,61,17,4,697,24
15:29,64,34,6,708,24
15:33,46,13,5,184,8
15:36,59,38,6,710,8
15:40,24,25,6,226,8
15:44,48,11,6,832,24
15:47,58,49,4,876,8
15:50,50,1,10,631,24
15:56,32,37,6,733,24
16:00,70,1,5,547,24
16:03,37,8,6,728,24
16:07,8,1,2,95,8
16:08,69,1,5,454,24
16:11,39,41,6,894,24
16:15,46,49,4,297,24
16:18,68,46,4,472,24
16:20,63,25,4,386,8
16:23,38,3,5,17,24
16:26,57,13,5,22,24
16:29,41,3,4,413,8
16:32,6,26,4,632,24
16:34,30,16,12,541,24
16:42,64,39,5,111,24
16:45,53,42,6,158,24
16:49,7,50,5,418,24
16:52,15,44,4,75,24
16:54,13,39,6,800,24
16:58,1,24,4,133,24
17:01,48,20,4,549,6
17:03,63,44,45,750,24
17:32,58,35,6,416,8
17:36,55,48,31,323,24
17:55,4,41,5,311,24
17:58,46,10,6,69,24
18:02,19,18,12,723,24
18:10,35,29,5,564,24
18:13,63,39,4,272,24
18:16,42,6,6,608,24
18:19,15,11,6,816,24
18:23,32,23,6,857,24
18:27,58,10,6,148,24
18:31,2,4,9,575,24
18:36,42,26,5,311,6
18:40,43,38,6,199,24
18:43,36,18,5,177,24
18:47,59,45,4,718,24
18:49,61,40,4,318,24
18:52,58,28,12,820,24
18:59,57,33,6,206,24
19:03,56,7,6,837,24
19:07,29,5,5,25,24
19:10,20,14,4,7,24
19:13,61,10,4,880,8
19:15,49,31,28,863,24
19:33,26,40,5,755,24
19:36,2,45,4,85,24
19:39,67,40,6,102,24
19:42,1,12,6,476,8
19:46,64,47,6,46,24
19:50,46,5,6,696,8
19:54,70,29,4,261,24
19:56,10,45,13,27,24
20:04,47,42,49,379,24
20:36,3,5,5,73,24
20:39,54,46,4,450,24
20:41,53,20,3,807,24
20:43,2,35,4,570,24
20:46,42,20,5,434,6
20:49,35,26,4,781,24
20:51,15,3,19,6,24
21:03,59,10,6,450,24
21:07,10,21,6,687,24
21:11,14,50,10,616,24
21:17,46,3,6,678,24
21:21,67,13,20,570,24
21:34,46,17,5,71,24
21:37,51,37,21,819,24
21:50,70,49,23,418,24
22:05,53,43,6,363,24
22:09,21,44,5,14,24
22:12,56,25,16,825,24
22:22,14,7,22,678,24
22:36,59,26,5,508,24
22:39,24,34,4,140,24
22:42,36,37,6,420,6
22:45,16,40,9,292,24
22:51,28,13,4,199,24
22:54,20,22,4,89,24
22:56,59,26,1,858,24
22:57,53,29,4,370,6
22:59,48,18,4,17,6
23:02,35,26,18,647,6
23:13,51,37,4,454,6
23:16,31,21,5,104,6
23:19,32,38,17,550,6
