00:02,62,46,4,19,24
00:03,12,41,19,224,24
00:09,1,21,4,261,8
00:11,22,25,5,110,24
00:12,9,41,6,147,8
00:14,38,31,19,685,24
00:21,69,14,4,209,8
00:22,28,9,4,109,24
00:23,56,50,5,61,8
00:25,14,15,5,806,24
00:27,52,45,48,799,8
00:43,42,46,4,652,24
00:44,19,5,4,16,24
00:45,70,44,16,37,24
00:51,7,39,6,286,24
00:53,29,2,5,184,24
00:54,58,16,4,755,24
00:56,27,14,4,849,24
00:57,3,35,11,861,24
01:01,66,35,5,292,8
01:02,61,7,5,494,8
01:04,53,22,6,443,6
01:06,55,28,6,370,24
01:08,27,37,17,558,24
01:14,48,4,16,29,8
01:19,15,14,5,410,8
01:21,34,34,6,275,24
01:23,37,34,6,816,8
01:25,63,47,5,177,24
01:26,43,1,6,172,8
01:28,13,14,5,93,8
01:30,46,24,17,842,24
01:36,28,9,6,5,24
01:38,46,31,45,508,24
01:53,46,38,6,718,24
01:55,9,33,4,460,24
01:56,3,10,6,258,24
01:58,24,23,6,149,24
02:00,11,48,4,554,24
02:01,11,31,6,645,24
02:03,21,11,6,186,24
02:05,43,38,18,171,24
02:11,1,18,12,890,24
02:15,26,22,6,658,24
02:17,64,11,16,175,24
02:23,32,24,6,418,24
02:25,24,46,6,378,24
02:27,44,33,4,665,4
02:28,14,44,17,719,24
02:34,23,10,6,591,24
02:36,21,8,18,113,24
02:42,50,11,4,497,8
02:43,32,37,47,68,6
02:59,17,28,5,730,24
03:00,30,38,4,263,6
03:02,43,17,17,196,24
03:07,48,8,15,716,24
03:12,27,23,6,343,24
03:14,5,1,22,833,24
03:22,31,19,21,475,24
03:29,33,35,5,64,24
03:30,20,45,4,363,24
03:32,22,8,6,385,24
03:34,31,20,21,407,24
03:41,3,18,6,274,24
03:43,10,32,6,85,24
03:45,22,41,5,500,8
03:46,43,23,4,720,24
03:48,22,6,4,661,24
03:49,37,20,4,445,24
03:50,1,13,6,419,24
03:52,65,9,10,719,24
03:56,28,8,6,27,24
03:58,53,33,51,458,4
04:15,24,10,5,849,24
04:16,52,44,5,346,24
04:18,17,49,6,165,8
04:20,59,24,4,416,24
04:21,35,20,5,872,24
04:23,33,14,5,298,24
04:25,16,12,5,556,24
04:26,54,17,5,216,24
04:28,39,28,19,729,4
04:34,9,14,33,314,24
04:45,51,33,4,425,24
04:47,62,7,4,491,8
04:48,15,27,4,398,24
04:49,5,17,5,781,24
04:51,43,9,5,592,8
04:53,7,33,6,735,8
04:55,50,2,10,260,8
04:58,41,39,10,714,4
05:01,11,13,5,884,24
05:03,33,37,5,360,24
05:05,62,44,6,77,8
05:07,61,27,16,599,24
05:12,40,45,21,863,24
05:19,47,31,5,508,8
05:21,57,43,5,710,24
05:22,27,48,5,475,24
05:24,10,13,45,113,24
05:39,21,8,20,408,24
05:46,53,20,5,876,6
05:47,68,50,18,849,24
05:53,12,5,5,532,24
05:55,56,28,4,192,24
05:56,27,13,15,660,24
06:01,63,36,5,363,24
06:03,47,36,4,748,24
06:04,31,8,4,519,24
06:06,68,4,4,137,8
06:07,63,10,2,292,24
06:08,43,28,4,243,24
06:09,4,25,4,53,24
06:10,46,31,5,322,6
06:12,16,9,6,503,8
06:14,40,10,10,515,24
06:17,1,29,59,834,24
06:37,24,3,6,439,24
06:39,52,36,22,175,8
06:46,39,29,4,62,6
06:48,32,20,5,171,24
06:49,63,33,32,427,24
07:00,60,17,6,52,24
07:02,56,4,5,175,24
07:04,13,50,5,155,24
07:05,18,9,5,215,24
07:07,52,38,5,50,24
07:09,13,7,6,593,24
07:11,16,24,5,300,24
07:12,68,44,6,872,24
07:14,10,26,4,730,24
07:16,43,26,4,637,24
07:17,7,42,5,115,24
07:19,14,10,6,567,24
07:21,31,37,21,12,24
07:28,10,28,6,59,24
07:30,57,22,5,815,8
07:31,23,37,8,265,24
07:34,33,34,5,607,24
07:36,46,37,5,330,24
07:37,21,9,5,463,24
07:39,46,47,5,602,24
07:41,59,29,5,570,24
07:42,42,15,5,808,8
07:44,6,4,17,341,8
07:50,63,6,4,596,24
07:51,5,28,4,29,24
07:52,44,8,5,598,24
07:54,1,2,29,71,24
08:04,62,22,6,819,8
08:06,34,25,5,256,6
08:07,50,47,4,337,24
08:09,46,38,10,722,24
08:12,61,18,4,546,24
08:13,2,23,4,457,24
08:15,12,50,4,345,24
08:16,46,6,19,69,24
08:22,31,20,5,234,24
08:24,8,25,4,475,24
08:25,10,11,6,266,24
08:27,48,47,6,629,24
08:29,35,23,6,34,24
08:31,1,9,31,377,24
08:42,33,36,4,149,24
08:43,46,27,4,389,6
08:44,10,32,4,359,8
08:46,28,31,6,573,24
08:48,29,16,6,860,24
08:50,31,46,6,147,24
08:52,57,33,6,384,8
08:54,43,3,24,118,8
09:02,63,11,15,602,24
09:07,59,44,6,429,24
09:09,24,34,21,594,8
09:16,34,36,4,604,6
09:17,35,10,19,253,8
09:23,32,47,35,322,8
09:35,27,37,59,719,24
09:55,50,13,12,853,8
09:59,41,42,15,194,24
10:04,27,3,4,799,24
10:05,37,43,22,93,24
10:12,24,34,4,110,24
10:14,46,38,16,670,24
10:19,52,12,20,198,24
10:26,46,42,4,450,24
10:27,65,21,6,210,8
10:29,5,22,5,284,8
10:31,50,23,5,241,24
10:32,62,8,14,722,8
10:37,52,17,21,378,8
10:44,1,23,4,460,24
10:45,32,42,6,382,8
10:47,44,33,15,779,24
10:52,51,15,6,264,24
10:54,51,37,5,13,24
10:56,66,18,5,154,24
10:58,56,12,4,84,24
10:59,5,22,4,35,24
11:00,53,26,56,604,8
11:19,29,49,6,609,8
11:21,60,49,5,505,8
11:23,2,45,6,427,8
11:25,9,48,18,346,24
11:31,38,38,5,285,8
11:32,3,24,4,515,24
11:34,29,46,6,32,24
11:36,32,20,6,40,8
11:38,44,3,4,349,24
11:39,26,20,6,435,24
11:41,55,19,21,878,24
11:48,6,42,6,147,24
11:50,8,18,30,606,24
12:00,51,28,5,526,24
12:02,46,11,5,571,24
12:03,55,47,4,776,24
12:05,60,7,6,645,24
12:07,13,39,10,884,24
12:10,46,29,56,102,24
12:29,68,35,5,383,24
12:30,28,49,5,243,8
12:32,48,3,6,35,24
12:34,67,26,4,449,24
12:35,58,22,6,354,24
12:37,10,27,6,754,8
12:39,42,33,16,279,8
12:45,18,2,5,700,8
12:46,30,13,6,724,24
12:48,24,5,19,786,24
12:55,37,23,6,327,8
12:57,68,7,8,184,24
12:59,4,27,19,226,24
13:06,58,31,5,472,24
13:07,46,33,4,448,24
13:09,64,18,5,323,8
13:10,68,42,4,83,24
13:12,61,12,4,542,24
13:13,28,7,19,310,24
13:19,9,16,4,614,24
13:21,64,33,4,427,24
13:22,23,3,4,273,24
13:23,14,35,6,624,24
13:25,5,46,4,167,24
13:27,33,48,17,777,8
13:32,20,50,12,713,24
13:36,19,20,24,298,8
13:44,8,13,4,456,24
13:46,65,43,4,834,24
13:47,31,12,14,365,24
13:52,30,29,5,560,8
13:53,36,4,6,651,24
13:55,43,43,4,191,8
13:57,46,48,6,831,8
13:59,35,44,6,190,24
14:01,58,9,6,307,8
14:03,65,7,26,828,24
14:11,66,40,6,53,24
14:13,44,32,48,274,24
14:29,38,16,4,748,8
14:31,36,14,4,789,24
14:32,14,13,5,90,24
14:34,41,7,4,295,24
14:35,40,32,5,144,8
14:37,8,32,14,314,24
14:41,4,39,14,410,24
14:46,69,41,46,154,24
15:01,44,7,4,891,24
15:03,59,6,4,261,8
15:04,19,19,13,462,24
15:08,32,49,5,892,24
15:10,26,34,6,253,24
15:12,64,28,4,68,24
15:13,8,39,4,869,24
15:15,61,21,5,303,24
15:16,65,42,4,747,24
15:18,52,31,4,160,24
15:19,27,29,22,709,24
15:26,56,2,6,132,8
15:28,60,24,49,545,24
15:45,67,12,4,374,24
15:46,55,39,5,66,24
15:48,13,15,4,224,24
15:49,40,13,5,351,24
15:51,49,26,6,332,24
15:53,19,17,9,796,24
15:56,53,26,4,50,8
15:57,70,42,6,854,24
15:59,7,31,19,778,24
16:05,35,39,4,215,24
16:07,58,12,4,101,8
16:08,2,44,6,570,24
16:10,29,16,5,447,24
16:12,37,32,4,548,6
16:13,55,40,15,688,24
16:18,7,1,5,384,24
16:20,53,31,12,68,24
16:24,22,4,4,171,8
16:25,37,16,6,320,24
16:27,49,36,4,583,24
16:28,37,17,55,182,24
16:47,22,5,21,697,24
16:54,24,10,6,890,8
16:56,10,10,4,461,24
16:57,27,35,5,170,8
16:59,23,45,57,438,8
17:18,15,1,4,55,24
17:19,31,32,5,105,24
17:21,48,43,4,170,24
17:22,2,27,6,478,8
17:24,46,40,4,811,24
17:25,5,40,5,829,8
17:27,17,25,4,196,24
17:28,4,42,4,765,24
17:30,55,44,5,723,24
17:31,16,18,4,540,8
17:33,52,46,11,692,24
17:36,56,27,4,35,24
17:38,3,26,5,560,8
17:39,53,32,16,704,6
17:45,54,38,5,861,24
17:46,57,29,4,358,24
17:48,63,13,50,108,24
18:04,55,43,4,851,24
18:06,46,28,34,617,24
18:17,14,40,6,513,8
18:19,2,34,5,844,8
18:21,34,19,6,448,24
18:23,38,14,29,102,24
18:32,46,17,4,497,24
18:34,13,42,6,628,24
18:36,12,44,20,846,24
18:42,31,14,17,241,8
18:48,22,13,46,594,24
19:03,42,38,6,879,24
19:05,29,21,4,702,8
19:07,7,50,6,104,24
19:09,39,11,17,188,8
19:14,64,17,3,434,8
19:15,28,24,22,24,8
19:23,61,8,17,892,8
19:28,46,34,52,693,6
19:46,26,40,5,769,24
19:47,63,13,5,17,24
19:49,46,41,22,118,24
19:56,30,48,12,359,24
20:00,33,26,18,40,24
20:06,22,39,5,512,8
20:08,43,13,6,602,8
20:10,58,4,6,739,24
20:12,42,36,5,339,24
20:14,35,12,6,900,24
20:16,51,16,5,350,24
20:17,33,38,6,732,24
20:19,39,26,12,271,6
20:23,5,9,19,541,24
20:30,51,26,5,456,24
20:31,67,23,5,32,8
20:33,65,34,4,136,24
20:34,17,40,5,363,24
20:36,10,49,4,778,8
20:37,59,25,6,731,8
20:39,18,10,20,612,24
20:46,56,20,6,409,24
20:48,62,5,4,850,8
20:49,2,29,6,436,24
20:51,49,38,6,636,24
20:53,50,16,4,197,8
20:55,68,33,4,396,8
20:56,60,36,5,498,24
20:58,69,14,20,259,8
21:04,44,13,6,888,24
21:06,33,15,5,96,8
21:08,11,28,5,781,24
21:10,30,6,19,619,24
21:16,9,1,4,861,24
21:17,28,11,11,487,8
21:21,28,22,4,117,24
21:22,25,33,6,826,24
21:24,55,25,6,461,24
21:26,36,14,4,238,24
21:28,22,31,5,384,24
21:29,50,17,6,195,24
21:31,55,28,4,200,8
21:33,5,8,6,165,24
21:35,69,20,4,76,24
21:36,10,19,6,851,8
21:38,43,35,5,332,24
21:40,25,1,6,413,24
21:42,14,26,5,762,24
21:43,37,32,6,794,24
21:45,9,34,15,243,24
21:50,11,37,2,665,24
21:51,67,9,11,568,24
21:55,63,8,5,386,24
21:56,43,34,19,671,24
22:03,8,16,13,604,8
22:07,11,13,16,311,8
22:12,16,24,4,632,24
22:14,17,36,18,523,24
22:20,59,44,14,294,24
22:24,48,31,41,722,24
22:38,34,7,9,500,24
22:41,17,46,21,6,24
22:48,5,23,4,408,24
22:49,29,28,12,686,24
22:53,15,42,2,333,24
22:54,55,26,6,87,8
22:56,4,42,6,388,8
22:58,68,18,4,717,8
22:59,32,48,6,108,8
23:01,22,32,32,622,8
23:12,34,2,4,103,8
23:13,9,48,6,64,8
23:15,27,15,14,167,8
23:20,57,37,4,751,8
23:21,30,18,4,677,8
23:23,29,45,5,89,8
23:24,35,25,2,788,8
