00:01,69,28,5,112,24
00:02,21,21,5,874,24
00:04,66,27,6,673,8
00:06,51,24,6,405,24
00:07,61,38,5,521,8
00:09,48,25,4,829,4
00:10,59,25,4,313,24
00:12,10,5,9,84,24
00:14,16,29,5,726,24
00:16,47,14,6,258,8
00:18,31,38,5,857,8
00:20,12,4,5,187,24
00:21,26,35,51,670,24
00:37,31,26,24,698,24
00:45,24,13,18,229,24
00:51,32,15,6,730,24
00:52,25,44,5,687,8
00:54,27,31,6,728,24
00:56,58,8,4,753,8
00:57,38,31,4,341,24
00:58,23,10,5,539,24
01:00,53,12,20,24,24
01:06,44,40,24,639,24
01:14,16,2,6,698,24
01:16,3,37,4,545,24
01:17,2,38,15,708,24
01:22,49,43,6,66,24
01:24,4,14,4,77,24
01:25,35,40,5,870,24
01:27,61,9,6,704,24
01:29,63,16,4,536,24
01:30,46,42,14,108,24
01:34,1,12,4,627,24
01:36,25,16,15,453,8
01:40,9,15,8,844,8
01:43,31,25,6,641,24
01:45,68,2,6,522,24
01:47,23,10,5,849,24
01:48,54,31,5,291,4
01:50,6,32,6,890,24
01:52,53,16,4,754,8
01:53,52,20,10,430,4
01:56,26,45,5,100,24
01:58,3,42,56,364,24
02:15,66,38,4,683,24
02:17,34,16,6,623,24
02:19,11,20,6,615,24
02:20,8,10,6,454,24
02:22,24,3,40,724,24
02:35,44,36,5,650,24
02:37,63,4,6,540,24
02:39,30,22,5,434,8
02:40,1,50,6,674,24
02:42,27,14,4,387,8
02:43,20,18,6,231,8
02:45,22,22,4,722,24
02:46,46,31,6,658,6
02:48,30,43,6,609,24
02:50,31,17,6,18,8
02:52,39,37,6,244,8
02:54,10,5,56,702,24
03:12,30,9,59,598,8
03:30,29,12,5,647,24
03:32,27,16,5,504,24
03:34,22,16,5,167,8
03:35,5,43,19,485,24
03:41,57,25,24,428,8
03:49,64,37,6,610,24
03:51,11,4,5,22,24
03:52,68,12,3,309,24
03:53,1,3,5,243,8
03:55,16,47,6,144,24
03:57,69,6,6,369,24
03:59,33,12,4,71,24
04:00,59,4,18,69,24
04:06,62,12,6,357,24
04:08,69,41,4,312,24
04:09,67,17,6,175,24
04:11,69,23,4,426,24
04:12,69,32,13,306,24
04:16,64,10,4,885,24
04:17,32,12,6,411,24
04:19,25,19,6,645,24
04:21,18,29,5,128,24
04:23,54,32,5,22,24
04:24,46,6,14,565,24
04:29,20,3,4,402,24
04:30,11,1,5,331,8
04:32,33,49,15,33,24
04:36,53,31,4,891,4
04:38,21,13,4,45,24
04:39,65,9,53,826,24
04:56,27,3,3,129,24
04:57,39,39,5,440,6
04:58,46,5,5,620,8
05:00,44,21,6,887,24
05:02,27,7,10,437,24
05:05,20,21,2,567,24
05:05,12,8,5,858,24
05:07,59,47,15,234,24
05:12,1,7,18,711,24
05:17,51,25,5,249,24
05:19,67,44,5,55,24
05:21,20,12,4,69,24
05:22,16,31,5,728,24
05:24,64,47,6,770,24
05:25,23,22,4,626,24
05:27,52,24,4,555,8
05:28,18,50,5,246,8
05:30,41,15,11,77,6
05:33,4,46,5,35,24
05:35,49,23,14,245,24
05:39,44,43,6,814,24
05:41,33,33,5,417,24
05:43,20,27,5,249,24
05:44,22,11,4,359,24
05:45,44,5,3,796,24
05:46,62,40,6,218,8
05:48,31,36,5,98,24
05:50,18,36,30,527,24
05:59,63,36,6,136,24
06:01,49,49,16,630,24
06:06,42,28,22,232,24
06:13,11,14,5,718,24
06:15,36,14,4,865,8
06:16,17,50,6,613,8
06:18,8,13,10,803,8
06:21,59,9,6,163,24
06:23,36,4,5,247,24
06:25,3,18,5,170,24
06:26,24,16,4,718,24
06:27,67,15,4,848,24
06:29,41,20,29,705,8
06:38,35,33,4,601,24
06:39,51,20,19,536,24
06:45,53,12,6,695,24
06:47,57,18,19,452,24
06:53,51,26,4,526,4
06:54,5,43,6,809,24
06:56,38,32,5,47,24
06:58,41,28,15,640,24
07:03,17,26,5,577,24
07:04,41,48,5,36,8
07:06,4,32,6,10,8
07:08,46,39,5,388,6
07:09,33,12,5,452,24
07:11,52,9,17,665,24
07:16,43,3,8,31,24
07:19,46,7,19,620,24
07:25,51,18,21,584,6
07:31,12,9,6,563,24
07:33,19,1,5,535,8
07:35,9,34,5,649,24
07:37,31,43,4,297,24
07:38,51,9,6,764,8
07:40,56,49,6,868,24
07:42,2,6,5,859,8
07:43,10,4,15,722,8
07:48,32,50,6,327,24
07:50,42,16,5,125,8
07:51,17,8,4,148,24
07:53,3,13,5,762,24
07:54,8,35,4,593,24
07:56,22,19,4,263,24
07:57,67,4,22,78,24
08:04,48,12,6,447,8
08:06,8,6,6,564,24
08:08,64,36,5,169,8
08:09,30,45,11,517,24
08:13,55,3,4,628,24
08:14,50,36,6,700,4
08:16,69,44,6,594,24
08:18,57,13,5,583,24
08:19,47,18,6,670,6
08:21,40,50,14,816,24
08:26,34,20,6,315,24
08:27,59,26,5,809,24
08:29,22,31,6,374,24
08:31,30,43,6,612,8
08:33,38,6,13,595,24
08:37,67,44,6,618,24
08:39,20,31,22,87,8
08:46,39,25,6,895,4
08:48,1,18,5,5,24
08:49,51,39,15,741,24
08:54,25,6,5,187,24
08:56,51,3,4,29,24
08:57,41,3,6,74,24
08:59,15,25,4,586,24
09:00,49,15,4,217,24
09:01,59,50,4,647,8
09:03,22,5,4,702,24
09:04,51,29,5,416,24
09:05,1,31,6,222,24
09:07,13,39,4,636,24
09:09,61,1,6,171,24
09:11,67,48,4,37,24
09:12,50,4,4,386,24
09:13,2,5,4,300,24
09:14,42,38,20,342,24
09:21,30,17,5,175,24
09:22,41,46,21,618,24
09:29,7,3,5,68,24
09:31,10,31,6,834,24
09:32,67,44,6,552,24
09:34,64,22,2,650,24
09:35,67,23,6,556,24
09:37,28,48,17,15,24
09:42,4,25,6,87,24
09:44,3,18,6,450,24
09:46,70,11,5,558,8
09:48,9,14,5,557,24
09:49,35,23,5,799,24
09:51,52,42,4,48,24
09:52,26,41,4,606,24
09:53,61,33,47,157,24
10:08,47,12,5,267,8
10:10,13,38,4,197,8
10:11,30,36,22,99,24
10:18,12,38,6,721,24
10:20,21,8,4,433,24
10:21,54,40,4,376,8
10:22,63,47,59,452,24
10:41,22,17,4,147,24
10:42,38,3,15,542,8
10:47,53,49,16,801,24
10:52,37,22,4,459,4
10:53,46,9,6,29,24
10:55,31,34,5,200,24
10:57,55,39,5,391,24
10:59,9,4,4,699,24
11:00,64,47,6,588,24
11:02,54,5,4,649,8
11:03,1,18,4,833,24
11:04,21,5,17,443,24
11:10,38,20,4,288,4
11:11,18,2,14,569,24
11:15,61,22,6,724,8
11:17,55,12,4,452,8
11:18,51,39,6,384,6
11:20,41,39,5,331,4
11:22,22,7,11,150,24
11:25,16,29,33,794,24
11:36,31,47,6,292,24
11:38,44,31,4,246,6
11:39,60,9,4,548,8
11:40,3,22,4,102,8
11:42,47,8,6,158,24
11:44,51,15,5,552,24
11:45,52,11,14,715,8
11:50,32,31,2,670,24
11:50,13,45,6,180,24
11:52,10,26,58,607,24
12:10,15,11,6,139,24
12:12,31,32,5,284,24
12:14,44,29,4,67,24
12:15,19,6,39,171,24
12:28,23,16,34,290,24
12:38,67,14,6,743,24
12:40,5,27,12,700,24
12:44,11,50,5,432,24
12:46,17,22,6,778,8
12:47,31,24,18,733,24
12:53,33,29,4,641,24
12:54,68,1,2,519,8
12:55,22,9,5,445,24
12:57,65,16,6,761,24
12:59,48,5,6,420,8
13:00,34,4,4,213,8
13:02,47,31,5,282,8
13:03,26,46,4,660,24
13:05,42,42,4,768,24
13:06,35,1,6,885,24
13:08,51,13,5,776,24
13:09,10,31,5,854,24
13:11,59,2,4,462,8
13:12,41,19,4,735,24
13:13,58,15,6,824,8
13:15,48,22,4,772,4
13:17,40,22,6,815,6
13:19,53,15,14,529,24
13:23,48,32,5,732,4
13:25,51,21,4,489,4
13:26,33,13,5,553,24
13:27,43,15,9,643,8
13:30,55,31,4,857,24
13:31,54,23,20,423,6
13:38,51,39,22,249,4
13:45,12,34,4,702,24
13:46,17,5,4,76,24
13:47,22,44,14,189,24
13:52,53,31,6,394,8
13:54,70,46,19,244,8
14:00,65,50,30,56,8
14:09,28,16,6,694,8
14:11,42,14,5,405,8
14:13,28,37,5,371,24
14:14,22,35,4,781,8
14:16,52,40,5,880,24
14:17,24,41,5,470,24
14:19,22,17,18,544,24
14:24,23,39,3,559,24
14:25,25,20,5,181,8
14:27,66,18,5,541,24
14:28,51,26,12,162,6
14:32,15,8,18,333,24
14:38,39,5,4,344,24
14:39,59,9,4,492,8
14:41,25,6,6,794,24
14:42,48,15,6,882,24
14:44,65,14,4,70,24
14:46,55,45,5,297,24
14:47,26,8,5,471,24
14:49,20,48,20,323,24
14:55,60,39,6,200,24
14:57,33,49,58,801,24
15:15,6,44,10,424,8
15:19,29,14,4,452,24
15:20,18,11,22,274,24
15:27,33,16,16,103,24
15:32,63,31,6,867,24
15:34,26,4,4,468,8
15:35,4,16,30,406,8
15:44,43,19,4,318,24
15:46,28,6,6,778,24
15:48,40,26,5,446,8
15:49,34,27,14,427,24
15:54,9,38,19,240,24
16:00,17,35,6,367,8
16:02,47,29,19,535,24
16:08,41,39,6,176,6
16:10,59,28,56,867,24
16:27,37,2,16,795,24
16:32,31,1,6,678,24
16:34,20,15,4,446,24
16:35,18,12,4,117,24
16:37,59,29,4,726,24
16:38,7,37,6,776,24
16:40,50,2,14,343,8
16:44,33,25,6,739,24
16:46,17,47,20,781,24
16:53,24,28,5,251,24
16:54,46,32,14,727,24
16:59,21,38,6,773,24
17:00,23,25,5,620,24
17:02,63,35,13,814,8
17:06,24,36,20,231,24
17:13,9,50,5,764,8
17:14,38,25,4,48,8
17:15,30,10,4,781,24
17:17,41,29,5,76,24
17:18,20,48,4,655,8
17:19,33,31,4,815,24
17:21,33,26,4,100,6
17:22,6,45,16,404,24
17:27,31,41,5,600,24
17:29,28,31,14,871,8
17:33,40,3,6,219,8
17:35,36,9,4,21,24
17:36,20,18,6,378,8
17:38,47,15,15,522,6
17:43,34,43,4,696,24
17:44,44,11,5,748,8
17:46,38,19,18,860,6
17:51,50,7,4,726,8
17:53,38,26,5,411,24
17:54,55,11,49,684,24
18:10,35,10,4,775,24
18:11,68,15,5,701,24
18:13,41,49,37,329,8
18:24,24,9,9,246,24
18:27,3,25,4,441,8
18:29,5,12,17,445,24
18:34,43,23,13,878,24
18:38,14,21,4,188,24
18:39,6,37,6,314,24
18:41,59,43,6,112,8
18:43,24,43,6,836,8
18:45,19,39,5,4,8
18:47,43,48,6,629,8
18:48,61,1,5,47,24
18:50,39,36,4,895,24
18:51,62,35,4,332,24
18:53,56,8,2,736,8
18:53,27,9,4,624,24
18:54,38,3,6,514,24
18:56,41,25,4,754,8
18:58,69,21,18,475,8
19:03,40,17,20,245,8
19:10,64,10,4,631,8
19:11,5,40,6,860,24
19:13,31,48,10,704,24
19:16,12,13,14,425,24
19:20,53,28,6,81,24
19:22,14,24,5,594,24
19:24,18,46,5,62,8
19:26,13,36,12,320,24
19:29,33,5,21,607,24
19:36,15,29,4,597,24
19:37,46,44,6,256,8
19:39,37,50,4,314,24
19:40,20,24,6,220,24
19:42,9,27,5,592,24
19:44,20,48,17,213,24
19:49,59,3,6,523,8
19:51,42,47,12,879,8
19:55,58,44,6,560,8
19:57,55,5,19,600,24
20:03,19,44,5,381,8
20:04,12,37,5,508,24
20:06,10,9,5,483,24
20:08,60,26,5,145,8
20:09,65,20,16,263,24
20:14,44,23,5,18,24
20:16,17,22,15,512,8
20:21,16,11,12,319,24
20:24,12,18,39,676,8
20:37,69,44,4,126,24
20:38,65,43,6,126,24
20:40,9,14,4,359,24
20:41,3,39,5,718,24
20:43,63,28,5,100,24
20:44,67,48,5,110,24
20:46,33,45,4,389,24
20:47,39,37,6,253,24
20:49,41,5,6,741,24
20:51,39,16,13,137,24
20:55,30,21,6,306,24
20:57,16,27,13,744,8
21:01,52,13,6,666,24
21:03,51,6,3,644,24
21:04,61,36,6,273,24
21:06,31,26,5,793,8
21:07,61,2,5,666,8
21:09,46,6,4,402,24
21:10,6,8,4,851,24
21:12,61,35,18,853,24
21:17,65,31,4,29,24
21:19,6,16,5,232,24
21:20,2,43,6,64,24
21:22,54,14,20,279,24
21:28,69,1,15,552,24
21:33,35,49,10,25,24
21:36,26,5,6,309,24
21:38,36,38,6,500,6
21:40,48,7,6,24,24
21:42,3,22,20,699,24
21:48,44,14,4,18,24
21:50,42,28,22,775,24
21:57,10,39,4,453,24
21:58,6,49,6,785,24
22:00,62,36,22,798,8
22:07,4,33,5,26,8
22:08,21,27,4,290,8
22:10,6,31,12,190,24
22:13,17,12,5,3,24
22:15,32,7,12,806,24
22:19,23,39,2,449,24
22:19,67,22,6,109,8
22:21,14,33,19,362,8
22:27,27,39,12,461,8
22:31,32,47,5,260,8
22:33,32,20,4,142,8
22:34,39,42,4,76,8
22:35,5,29,6,484,8
22:37,46,13,6,609,8
22:39,33,11,5,97,8
22:41,30,22,4,772,8
22:42,70,27,5,853,8
22:43,47,28,4,733,8
22:45,47,16,5,205,8
22:46,12,38,6,35,8
22:48,67,16,26,546,8
22:56,42,44,4,173,8
22:58,31,17,19,34,6
23:04,53,29,4,842,6
