00:03,50,18,5,698,24
00:05,37,29,6,515,8
00:08,41,25,6,880,4
00:11,70,40,4,193,24
00:13,6,41,4,14,24
00:15,52,2,19,217,24
00:25,18,43,21,730,24
00:36,1,6,6,675,24
00:39,48,39,4,352,4
00:41,61,21,4,864,24
00:43,60,31,4,425,24
00:45,22,41,4,692,24
00:47,61,1,5,558,24
00:50,50,25,5,212,24
00:53,33,27,6,836,24
00:56,46,7,5,560,24
00:58,51,39,13,751,24
01:05,39,7,5,849,8
01:08,15,8,5,488,24
01:10,8,45,15,863,24
01:18,41,10,5,731,24
01:21,19,31,10,70,24
01:26,38,45,10,380,24
01:31,22,24,20,74,24
01:41,36,33,5,715,4
01:44,20,37,4,783,24
01:46,70,5,6,638,8
01:49,58,3,4,381,8
01:51,70,19,6,6,24
01:54,36,31,43,480,6
02:16,1,14,6,19,24
02:19,13,23,21,776,8
02:30,49,32,6,185,4
02:33,68,17,6,188,8
02:36,46,9,22,138,24
02:48,31,28,5,768,8
02:50,36,36,3,357,4
02:52,19,35,5,887,24
02:55,22,49,4,398,24
02:57,44,34,6,25,24
03:00,53,28,18,887,24
03:09,4,27,6,210,24
03:12,44,45,6,554,8
03:15,23,32,18,52,24
03:25,56,36,6,128,24
03:28,37,31,5,170,6
03:30,4,48,44,709,8
03:53,37,12,4,582,8
03:55,69,41,21,336,24
04:06,36,50,9,352,8
04:11,46,44,6,628,24
04:14,52,22,4,889,6
04:16,28,1,6,80,24
04:19,26,49,4,567,24
04:21,50,23,13,425,4
04:28,70,2,5,181,8
04:30,34,31,13,330,6
04:37,17,43,6,225,8
04:40,31,49,4,592,8
04:42,12,10,6,391,8
04:45,10,22,14,798,8
04:52,19,3,6,561,24
04:55,37,28,4,40,24
04:58,17,10,4,684,24
05:00,44,22,5,452,8
05:02,29,11,4,35,24
05:04,6,17,45,5,24
05:27,40,31,6,489,4
05:31,52,36,6,101,24
05:34,35,12,55,27,24
06:02,29,44,4,246,24
06:04,12,1,5,145,8
06:07,60,24,19,675,24
06:17,15,50,6,363,8
06:20,54,34,5,397,24
06:22,38,35,6,492,24
06:25,27,4,5,176,24
06:28,63,34,4,172,24
06:30,52,38,13,339,24
06:37,24,41,5,184,24
06:39,47,29,6,548,24
06:42,68,28,17,651,8
06:51,6,28,11,631,8
06:57,42,31,4,859,24
06:59,68,49,6,285,24
07:02,54,15,4,109,24
07:04,46,25,6,183,8
07:07,48,22,22,246,24
07:19,30,35,6,893,24
07:22,37,24,5,163,24
07:24,19,32,11,260,8
07:30,48,31,4,217,8
07:32,25,31,48,742,24
07:57,56,24,4,524,24
07:59,35,24,4,149,8
08:01,30,32,5,54,24
08:04,30,22,22,517,24
08:15,25,22,6,56,24
08:18,21,37,20,391,8
08:28,38,8,35,785,24
08:46,43,34,6,562,24
08:50,15,1,35,317,24
09:08,34,34,4,503,24
09:10,66,42,6,875,24
09:13,28,36,4,484,8
09:15,56,9,5,742,24
09:17,21,9,6,141,24
09:21,59,8,3,494,24
09:22,16,31,5,728,8
09:25,25,24,5,111,24
09:27,1,22,4,546,8
09:29,61,36,6,688,24
09:32,11,8,6,837,24
09:35,39,14,28,120,24
09:50,48,6,5,155,24
09:53,27,5,4,386,24
09:55,32,29,6,56,24
09:58,68,49,6,815,24
10:01,28,25,10,851,24
10:06,9,19,4,153,24
10:08,34,19,6,511,24
10:11,17,13,5,813,24
10:14,48,4,4,264,24
10:16,64,34,6,357,8
10:19,3,41,6,339,24
10:22,40,46,13,67,8
10:29,8,42,6,403,24
10:32,65,14,21,884,24
10:43,16,19,21,232,24
10:54,58,47,4,509,24
10:56,10,47,4,258,8
10:58,11,15,6,826,24
11:01,65,10,4,50,8
11:03,33,22,37,72,24
11:22,39,28,33,759,8
11:39,46,14,5,89,24
11:42,51,46,5,428,24
11:44,9,29,4,461,24
11:46,53,1,6,496,24
11:49,58,24,5,604,24
11:52,13,14,4,710,24
11:54,67,22,5,733,24
11:57,38,12,4,403,8
11:59,6,23,15,665,24
12:06,62,47,5,157,24
12:09,30,13,6,293,24
12:12,12,29,4,674,24
12:14,62,31,11,897,8
12:20,63,49,4,264,8
12:22,6,49,6,298,8
12:25,43,41,4,670,24
12:27,6,49,5,481,8
12:30,8,3,4,623,24
12:32,59,48,5,608,24
12:34,51,42,16,226,24
12:43,59,47,6,517,24
12:46,53,32,5,678,24
12:48,67,25,13,221,8
12:55,46,41,6,219,24
12:58,3,6,4,875,24
13:00,70,8,4,669,8
13:02,65,17,5,286,24
13:05,51,50,17,531,24
13:14,41,41,20,579,24
13:24,13,16,4,83,24
13:26,24,39,6,578,24
13:29,18,42,5,877,8
13:32,13,38,21,723,24
13:42,59,1,6,821,24
13:46,10,23,5,688,24
13:48,7,41,6,653,8
13:51,69,19,4,242,8
13:53,21,16,5,175,24
13:56,8,20,6,756,8
13:59,41,3,4,67,24
14:01,38,35,5,682,24
14:04,7,24,6,55,24
14:07,7,48,2,870,24
14:08,65,10,6,607,24
14:11,54,40,6,876,24
14:14,65,49,12,355,8
14:20,69,4,4,837,24
14:22,23,46,6,455,8
14:25,51,28,3,493,24
14:27,7,7,4,574,24
14:29,47,13,6,808,8
14:32,34,20,19,330,24
14:42,52,34,5,741,24
14:44,31,26,6,268,8
14:48,22,44,6,164,24
14:51,43,5,4,582,8
14:53,27,1,5,114,24
14:55,15,9,45,236,24
15:19,31,18,42,556,24
15:40,16,7,4,491,24
15:42,22,40,14,873,24
15:50,69,23,4,595,8
15:52,35,9,6,507,24
15:55,25,37,25,287,24
16:08,51,32,4,269,24
16:10,41,39,6,836,24
16:13,19,18,6,807,8
16:16,48,43,5,152,24
16:18,53,26,6,563,24
16:22,53,44,5,865,8
16:24,35,24,54,864,8
16:52,20,46,4,338,24
16:54,58,32,4,580,24
16:56,36,7,5,66,24
16:59,22,19,4,844,24
17:01,13,42,3,504,24
17:02,8,32,9,373,24
17:07,29,28,4,622,24
17:09,53,2,6,852,24
17:12,19,5,10,379,24
17:17,5,23,6,747,24
17:20,43,27,6,173,24
17:24,24,40,5,151,24
17:26,36,32,14,617,24
17:33,6,19,48,3,24
17:58,49,36,5,580,24
18:01,17,32,4,469,8
18:03,68,19,5,435,24
18:05,20,44,4,265,24
18:08,69,7,5,95,24
18:10,13,7,6,806,24
18:13,67,44,12,792,24
18:19,54,7,4,602,24
18:21,27,39,13,747,24
18:28,37,12,4,265,24
18:30,67,29,13,896,8
18:37,20,34,4,515,8
18:39,12,2,18,853,8
18:48,37,24,4,652,4
18:50,41,24,14,606,6
18:58,53,7,4,199,24
19:00,3,11,16,886,8
19:08,50,1,13,544,24
19:15,13,31,9,185,24
19:19,9,20,4,188,24
19:21,67,11,4,816,24
19:23,48,39,6,517,8
19:27,1,36,4,405,24
19:29,54,38,14,441,24
19:36,32,23,17,676,24
19:45,59,38,6,751,24
19:48,47,4,35,793,8
20:06,61,25,6,39,24
20:09,7,28,9,91,24
20:14,59,13,22,355,8
20:25,17,33,6,892,24
20:28,33,42,20,590,24
20:38,47,29,4,119,24
20:40,51,28,6,518,8
20:44,31,7,5,624,24
20:46,40,27,5,47,4
20:49,37,35,6,333,24
20:52,25,34,6,839,24
20:55,49,48,5,318,8
20:57,7,16,4,178,8
21:00,43,28,5,859,24
21:02,61,10,22,571,24
21:14,13,33,6,668,24
21:17,47,3,25,149,24
21:30,59,8,5,454,24
21:32,43,34,17,510,24
21:41,54,21,6,519,24
21:44,19,27,15,230,24
21:52,3,46,5,250,24
21:54,29,1,6,505,24
21:57,8,16,5,181,24
22:00,11,36,47,666,24
22:24,60,23,5,792,24
22:27,49,8,6,656,24
22:30,37,45,22,432,24
22:41,38,24,2,471,24
22:42,29,20,53,696,24
23:10,46,6,13,759,8
23:16,19,35,5,182,8
23:19,46,28,3,35,4
23:21,49,31,4,95,8
23:23,27,21,6,549,8
23:26,59,2,5,34,8
23:28,65,31,5,624,8
23:31,38,25,6,334,6
23:34,11,38,4,516,8
23:36,49,21,6,54,6
23:39,58,11,4,325,8
23:41,34,18,8,525,6
23:45,54,29,4,236,6
23:47,47,26,6,12,6
23:51,46,18,1,538,6
