00:01,54,31,6,62,6
00:04,17,26,15,157,24
00:14,15,31,33,350,24
00:35,22,47,5,266,8
00:38,43,28,6,854,24
00:42,42,5,4,722,24
00:44,69,4,19,409,24
00:56,20,47,4,45,24
00:59,6,2,21,285,8
01:12,36,31,4,856,24
01:15,44,31,6,582,24
01:18,20,36,4,80,24
01:21,14,42,45,163,24
01:49,39,29,6,417,8
01:53,16,11,10,175,8
02:00,55,23,6,71,24
02:03,67,24,4,125,8
02:06,49,10,4,390,24
02:08,25,45,4,467,8
02:11,25,26,4,830,24
02:14,11,11,6,248,8
02:17,46,37,4,221,4
02:20,14,39,5,144,24
02:23,18,23,5,657,8
02:26,66,33,22,377,24
02:40,60,3,5,45,24
02:43,58,15,2,299,24
02:45,28,4,5,655,8
02:48,2,27,12,824,8
02:55,5,1,4,274,24
02:58,14,15,12,525,24
03:05,27,41,4,301,24
03:08,26,18,4,156,24
03:11,41,45,55,284,24
03:45,13,31,16,2,24
03:55,1,23,10,642,24
04:02,66,18,15,723,24
04:11,38,48,4,503,24
04:14,66,17,6,24,24
04:18,61,21,2,530,24
04:19,63,50,44,532,8
04:47,28,48,6,414,8
04:51,46,49,5,267,24
04:54,16,38,14,485,24
05:03,64,26,18,503,24
05:14,54,31,39,370,4
05:39,2,43,4,180,24
05:41,23,19,6,740,24
05:45,61,26,6,601,24
05:49,15,5,18,258,24
06:00,3,1,4,216,24
06:03,54,33,4,835,8
06:05,13,39,17,353,24
06:16,56,3,6,857,8
06:20,58,11,38,284,8
06:44,1,40,5,578,24
06:47,59,14,11,744,24
06:54,56,12,4,385,24
06:57,35,31,5,352,24
07:00,19,50,5,389,8
07:03,68,44,18,220,24
07:14,9,46,6,440,8
07:18,54,28,2,884,4
07:19,51,12,5,175,8
07:23,17,15,6,361,24
07:26,22,17,6,799,24
07:30,43,18,37,791,24
07:54,34,42,4,65,8
07:56,27,2,11,67,24
08:03,8,43,55,425,24
08:38,9,26,4,699,8
08:40,15,15,6,288,24
08:44,28,31,4,120,8
08:47,20,3,6,528,24
08:51,51,37,15,704,8
09:00,28,39,6,513,24
09:04,54,20,6,833,24
09:08,41,9,5,105,24
09:11,7,33,18,661,24
09:22,23,29,4,502,8
09:25,10,21,20,810,24
09:37,57,14,5,570,24
09:41,59,2,8,195,24
09:46,59,16,5,860,8
09:49,70,45,4,52,24
09:51,1,15,28,814,24
10:09,61,34,24,523,24
10:24,50,45,6,834,24
10:28,34,27,6,280,24
10:32,39,38,4,857,6
10:34,66,12,6,787,8
10:38,16,50,15,421,24
10:48,15,31,6,196,24
10:52,20,23,5,606,24
10:55,18,3,5,334,8
10:58,32,20,4,100,6
11:00,64,9,17,723,24
11:11,63,2,16,859,24
11:21,60,42,5,507,8
11:25,54,35,37,495,24
11:48,47,41,6,75,8
11:52,6,26,6,757,8
11:56,35,44,4,712,24
11:58,54,42,11,894,24
12:05,46,40,6,72,24
12:09,40,14,5,851,24
12:12,29,15,6,345,8
12:16,9,23,5,841,24
12:19,32,33,17,644,24
12:30,18,18,6,70,24
12:34,56,23,5,308,8
12:37,38,46,5,16,24
12:40,29,9,40,840,24
13:05,32,31,16,721,24
13:15,50,20,22,733,24
13:29,6,31,19,246,24
13:41,60,7,4,212,8
13:44,56,12,6,476,24
13:48,50,18,4,218,6
13:50,26,6,2,817,24
13:51,37,48,4,656,8
13:54,18,6,5,3,24
13:57,31,2,4,678,24
14:00,46,5,6,366,24
14:03,27,12,4,895,24
14:06,48,15,5,74,8
14:09,17,24,5,744,24
14:12,51,48,5,63,8
14:16,65,38,10,737,24
14:22,29,49,6,820,24
14:26,49,15,13,335,8
14:34,61,28,4,891,24
14:36,13,45,6,478,24
14:40,1,46,4,203,24
14:43,66,36,6,7,24
14:47,41,50,5,553,24
14:50,10,37,4,872,24
14:52,50,45,4,445,24
14:55,30,16,57,152,8
15:31,20,50,4,475,24
15:33,38,11,6,666,24
15:37,3,34,6,806,24
15:41,4,16,6,131,24
15:45,11,28,4,394,24
15:47,36,49,5,487,24
15:51,47,49,5,266,24
15:54,25,17,5,589,8
15:57,57,39,5,228,24
16:00,3,7,44,761,24
16:28,51,43,5,686,24
16:31,2,43,19,721,24
16:43,6,13,15,69,24
16:53,55,7,4,338,24
16:55,60,26,8,225,8
17:00,69,31,6,877,8
17:04,57,13,19,567,24
17:16,5,42,6,74,24
17:20,59,12,5,801,24
17:23,57,46,6,562,24
17:27,30,33,17,234,24
17:38,62,42,50,784,8
18:09,62,39,5,364,24
18:12,32,21,4,816,8
18:15,34,47,4,426,24
18:17,22,44,4,782,24
18:20,23,25,6,397,24
18:24,38,45,4,504,24
18:26,13,6,5,528,8
18:29,46,26,6,340,24
18:33,57,14,10,592,24
18:40,4,34,5,724,8
18:43,32,50,6,789,24
18:47,39,49,16,363,24
18:57,32,31,56,61,8
19:32,3,44,4,637,8
19:35,39,37,6,518,6
19:39,51,20,5,507,24
19:42,14,15,5,743,24
19:45,34,24,5,281,8
19:48,28,8,8,45,24
19:53,66,6,5,384,24
19:56,66,7,6,193,24
20:00,25,2,4,66,24
20:03,53,15,5,291,24
20:06,5,43,18,659,24
20:17,61,39,12,798,24
20:25,35,36,4,748,6
20:27,23,22,5,589,24
20:30,2,2,5,426,8
20:34,3,43,5,152,24
20:37,46,9,5,608,24
20:40,48,19,6,267,8
20:44,37,31,5,407,24
20:47,10,34,4,734,24
20:49,32,41,43,27,24
21:17,46,47,5,891,24
21:20,61,28,4,60,24
21:22,22,10,6,150,24
21:26,6,13,4,530,24
21:29,18,32,5,585,24
21:32,57,31,18,80,24
21:43,53,46,15,460,24
21:53,5,16,18,351,8
22:04,65,23,19,673,24
22:16,57,35,11,801,24
22:23,36,35,5,205,24
22:26,11,17,4,858,24
22:29,2,15,5,320,24
22:32,64,50,6,743,24
22:36,50,23,4,252,24
22:38,48,31,6,184,24
22:42,59,36,23,699,24
22:57,65,1,13,155,24
23:05,36,20,5,231,6
23:08,3,25,5,643,8
23:11,55,15,3,158,8
23:13,40,28,4,839,6
23:16,35,31,19,759,6
23:28,40,26,4,44,6
23:30,40,31,4,695,6
23:33,37,38,14,753,6
23:42,54,38,12,488,6
