00:02,46,26,5,531,4
00:05,13,43,18,180,24
00:16,64,13,15,387,8
00:26,29,38,10,815,24
00:32,50,33,6,494,24
00:36,18,46,6,55,24
00:40,9,36,14,743,24
00:48,55,28,4,73,24
00:51,64,33,4,189,24
00:53,54,25,18,305,4
01:05,38,23,4,746,8
01:07,48,28,5,63,24
01:11,7,13,5,544,24
01:14,64,16,4,608,24
01:16,54,21,10,881,24
01:23,65,12,21,657,24
01:36,18,38,29,500,24
01:54,51,11,4,655,24
01:57,12,8,22,467,24
02:11,27,33,10,584,24
02:17,15,28,4,426,24
02:20,5,28,6,129,24
02:23,15,25,23,625,24
02:38,29,36,5,133,24
02:41,62,13,4,546,24
02:44,6,24,5,370,24
02:47,36,43,5,2,24
02:50,41,38,4,261,8
02:53,29,25,6,876,24
02:56,64,18,6,475,24
03:00,55,11,2,814,24
03:01,21,24,4,848,8
03:04,48,29,18,279,24
03:15,16,19,5,899,24
03:18,23,17,5,289,24
03:22,31,24,5,269,24
03:25,34,28,5,57,8
03:28,38,35,19,347,24
03:40,5,36,4,563,24
03:43,40,4,24,239,8
03:58,36,19,23,595,24
04:12,18,32,4,519,24
04:15,26,37,4,92,8
04:17,20,19,2,611,8
04:19,44,16,11,755,24
04:26,26,14,4,772,24
04:28,65,38,22,900,24
04:42,1,33,22,310,8
04:56,29,3,14,503,24
05:05,46,20,4,92,24
05:07,5,6,8,778,24
05:12,27,24,21,358,8
05:26,17,5,20,393,24
05:38,23,7,6,271,24
05:42,27,1,20,666,24
05:55,16,13,6,235,24
05:59,21,33,4,195,24
06:01,66,47,6,78,24
06:05,1,39,5,545,24
06:08,35,48,4,753,24
06:11,70,8,4,762,24
06:13,62,31,6,861,24
06:17,34,45,6,362,8
06:21,60,4,20,758,24
06:34,30,18,4,586,8
06:36,7,3,6,771,24
06:40,43,33,5,597,4
06:43,12,45,4,215,24
06:46,12,4,6,326,24
06:49,70,47,4,694,24
06:52,66,33,17,174,8
07:03,17,14,6,805,24
07:06,56,35,4,650,24
07:09,2,31,4,866,8
07:12,44,50,6,185,24
07:15,24,36,4,307,24
07:18,66,35,6,228,24
07:22,8,50,4,593,8
07:24,64,42,4,789,24
07:27,57,36,5,780,24
07:30,67,33,5,692,8
07:33,46,4,4,398,24
07:36,5,26,21,203,24
07:49,60,31,5,577,24
07:52,20,42,22,193,24
08:06,60,41,5,445,8
08:09,19,6,11,880,24
08:16,18,26,5,649,8
08:19,52,20,6,27,4
08:23,3,25,5,369,24
08:26,6,28,6,261,24
08:30,25,49,16,75,8
08:40,56,11,6,497,24
08:44,28,19,4,13,24
08:47,53,49,4,59,8
08:49,30,48,11,103,24
08:56,48,21,13,60,8
09:04,25,13,5,22,8
09:07,48,49,48,730,8
09:38,68,46,14,424,24
09:47,54,14,6,777,24
09:51,39,32,21,533,24
10:04,27,27,6,512,24
10:08,66,1,6,458,24
10:11,36,1,6,314,24
10:15,21,14,4,520,24
10:18,16,12,4,571,8
10:20,63,29,5,59,8
10:23,29,47,5,890,24
10:27,33,25,6,476,24
10:30,19,35,4,886,24
10:33,8,11,4,784,24
10:35,48,45,4,32,8
10:38,52,48,6,582,8
10:42,2,12,2,738,8
10:43,26,23,16,552,24
10:53,58,29,15,637,8
11:03,6,11,14,213,24
11:12,21,12,4,663,24
11:14,61,35,6,769,24
11:18,49,24,39,269,24
11:43,7,10,4,325,24
11:45,67,46,4,863,8
11:48,65,4,4,721,24
11:50,60,25,5,368,24
11:53,31,12,5,559,24
11:57,55,26,6,179,24
12:00,37,13,6,240,24
12:04,34,23,4,879,8
12:07,56,29,5,661,24
12:10,1,15,46,372,24
12:39,28,17,4,208,24
12:42,10,12,10,714,24
12:48,62,1,20,701,24
13:01,44,28,6,310,4
13:04,39,22,4,244,4
13:07,9,5,57,573,24
13:43,64,2,16,211,8
13:53,46,2,5,344,24
13:56,33,31,5,151,6
13:59,56,15,10,638,24
14:06,48,20,4,14,24
14:08,5,27,4,192,8
14:11,69,32,20,443,24
14:23,46,42,4,739,24
14:26,46,18,4,674,8
14:29,17,20,13,498,8
14:37,35,21,5,818,6
14:40,44,12,17,519,8
14:51,15,41,6,652,24
14:55,23,33,4,832,24
14:57,18,6,4,227,24
15:00,40,6,4,401,8
15:02,62,46,18,572,24
15:14,10,23,6,519,8
15:17,26,12,24,124,24
15:33,10,4,4,553,24
15:35,39,47,11,376,24
15:42,18,43,21,844,24
15:55,41,22,6,808,8
15:59,13,34,5,388,24
16:02,20,10,16,829,24
16:12,61,32,21,21,24
16:26,39,14,4,630,24
16:28,22,22,5,659,8
16:31,4,24,15,492,24
16:41,25,50,4,101,24
16:43,22,41,4,186,24
16:46,16,6,6,514,24
16:50,5,18,4,772,24
16:52,14,23,33,133,24
17:13,43,6,6,674,8
17:17,57,39,51,717,24
17:49,42,20,5,444,24
17:52,43,8,6,195,8
17:56,9,20,4,840,24
17:59,19,23,19,173,24
18:11,19,47,4,653,24
18:13,54,32,6,675,24
18:17,70,5,6,872,24
18:21,26,6,6,830,24
18:25,6,34,4,289,24
18:27,40,40,6,80,24
18:31,53,36,5,749,6
18:34,66,40,5,68,24
18:37,1,19,5,876,24
18:41,48,48,6,884,24
18:44,46,44,5,478,8
18:48,38,21,5,656,6
18:51,66,25,4,671,24
18:53,37,20,5,644,6
18:56,67,48,5,431,8
19:00,48,8,6,61,24
19:03,4,13,5,279,24
19:07,5,36,4,857,24
19:09,35,16,5,236,6
19:12,61,22,4,525,8
19:15,41,36,4,562,6
19:17,62,11,6,714,24
19:21,13,2,6,264,24
19:25,48,47,4,433,24
19:27,28,14,5,603,24
19:31,47,3,18,268,24
19:42,7,15,5,99,24
19:45,35,37,6,418,24
19:49,4,19,10,43,24
19:55,56,42,5,213,24
19:59,56,12,15,530,24
20:08,66,35,17,442,24
20:19,58,22,5,219,24
20:22,23,21,4,70,24
20:24,28,31,4,741,24
20:27,16,5,13,579,24
20:35,34,41,5,127,24
20:38,35,3,4,706,8
20:41,56,23,4,563,8
20:43,59,12,4,808,8
20:46,46,34,6,709,6
20:50,33,1,5,664,24
20:53,55,25,5,553,24
20:56,43,22,5,711,24
20:59,65,35,5,483,24
21:02,62,7,31,115,24
21:22,18,34,6,65,24
21:26,9,24,20,817,24
21:39,14,15,4,831,8
21:41,1,22,5,156,24
21:44,6,41,4,774,24
21:47,56,25,4,565,8
21:49,57,34,6,215,8
21:53,4,24,16,18,8
22:03,9,39,5,495,8
22:06,8,40,10,55,8
22:13,62,29,5,474,8
22:16,61,31,6,626,8
22:20,24,14,14,730,8
22:29,64,19,5,418,8
22:32,33,8,6,84,8
22:36,28,5,13,820,8
22:44,38,37,26,827,6
23:00,9,3,4,635,8
23:03,16,21,5,14,8
23:06,37,22,5,462,8
23:09,35,15,6,752,6
23:13,46,35,5,69,6
23:16,39,17,4,882,8
23:19,47,26,12,602,6
23:26,29,40,5,279,8
23:29,46,19,5,598,8
23:33,55,17,5,424,8
23:36,17,13,13,171,8
