00:03,65,8,19,716,24
00:11,28,39,6,329,24
00:14,65,18,5,437,24
00:17,18,31,14,235,8
00:23,18,22,4,333,24
00:25,7,43,6,112,24
00:28,6,46,4,248,24
00:30,46,38,4,588,24
00:31,60,18,29,415,24
00:45,52,44,4,495,24
00:47,48,26,16,497,24
00:54,28,47,5,232,24
00:57,10,2,4,226,24
00:59,28,15,4,732,24
01:00,59,47,4,797,24
01:02,38,35,13,194,24
01:08,40,47,25,664,24
01:20,49,11,6,4,24
01:23,41,26,24,103,6
01:34,56,36,6,30,24
01:37,33,43,4,350,24
01:39,70,46,6,402,24
01:41,18,34,5,108,24
01:44,66,20,23,112,24
01:55,15,45,22,317,24
02:05,29,26,6,787,24
02:08,50,41,16,580,24
02:15,7,22,6,771,24
02:18,68,40,6,29,24
02:21,16,9,4,725,24
02:23,46,26,5,364,24
02:25,3,9,6,753,24
02:28,41,29,5,199,24
02:30,15,12,6,374,24
02:33,49,20,4,255,4
02:35,54,18,5,212,6
02:37,47,26,20,700,24
02:46,60,50,5,417,24
02:49,46,22,5,362,6
02:51,1,33,5,692,24
02:53,26,9,6,529,8
02:56,13,4,16,198,24
03:04,49,41,8,833,24
03:07,56,2,6,690,8
03:10,41,23,15,391,4
03:17,57,40,11,248,8
03:22,14,25,4,371,8
03:24,48,45,4,344,8
03:26,8,1,6,15,24
03:29,7,14,15,756,24
03:36,40,43,5,607,24
03:38,50,18,4,736,24
03:40,18,48,13,789,24
03:46,36,33,6,545,24
03:49,58,47,5,251,8
03:51,10,25,4,733,24
03:53,39,40,5,387,8
03:55,54,29,4,465,4
03:57,1,5,6,419,8
04:00,46,19,4,142,24
04:02,53,25,6,77,24
04:05,51,19,16,696,24
04:12,30,1,55,181,8
04:38,63,41,6,824,8
04:41,53,22,2,381,6
04:42,60,9,28,846,8
04:55,53,17,21,304,8
05:04,59,11,4,363,24
05:06,42,31,40,539,6
05:25,27,10,6,124,24
05:28,4,23,16,368,8
05:35,34,18,6,470,8
05:38,4,49,6,395,8
05:41,58,38,35,675,24
05:57,18,9,4,794,24
05:59,15,1,5,53,8
06:01,31,39,6,328,24
06:04,56,48,4,450,24
06:06,9,14,5,550,24
06:08,39,29,4,277,8
06:10,34,47,4,441,24
06:12,64,32,4,351,24
06:14,51,36,5,415,24
06:16,68,16,21,13,8
06:26,4,39,16,872,24
06:34,41,5,30,339,24
06:48,67,48,13,199,8
06:54,17,26,3,172,8
06:55,46,26,6,670,4
06:58,40,12,5,665,8
07:00,63,39,4,102,8
07:02,12,28,6,479,24
07:05,23,45,6,318,24
07:08,55,23,4,234,8
07:10,6,18,17,556,8
07:17,54,16,46,225,24
07:39,41,36,4,8,8
07:41,44,44,20,254,24
07:50,46,9,5,610,24
07:52,55,40,4,24,24
07:54,56,43,18,549,24
08:03,36,4,12,573,8
08:08,3,7,6,835,24
08:11,63,48,5,668,24
08:13,19,19,35,376,24
08:30,62,29,6,234,24
08:33,67,40,4,442,8
08:34,55,19,4,666,24
08:36,54,9,4,225,24
08:38,61,31,19,379,24
08:47,43,50,5,411,24
08:49,3,28,5,652,24
08:52,34,40,6,813,8
08:55,3,41,4,700,24
08:56,30,3,4,103,24
08:58,51,45,6,500,8
09:01,34,36,6,621,8
09:04,46,13,4,690,24
09:06,67,38,5,787,8
09:08,46,27,5,740,4
09:10,65,4,20,51,24
09:20,56,3,6,280,8
09:23,31,5,4,48,8
09:24,59,22,50,829,24
09:48,47,18,4,729,24
09:50,14,25,13,858,24
09:56,5,38,3,438,24
09:57,20,42,4,866,24
09:59,11,24,10,26,24
10:04,64,27,4,192,24
10:05,48,16,6,175,24
10:08,47,7,6,857,24
10:11,28,29,4,13,24
10:13,49,39,6,848,4
10:16,13,1,5,508,24
10:18,41,34,4,664,6
10:20,21,21,5,207,24
10:22,68,41,6,421,8
10:25,19,29,5,33,8
10:27,60,6,5,519,24
10:30,20,42,49,234,24
10:53,27,28,5,447,24
10:55,56,5,5,573,8
10:57,35,14,5,780,24
11:00,22,12,6,791,24
11:02,54,15,4,208,6
11:04,31,25,6,321,8
11:07,59,13,4,776,8
11:09,59,41,6,785,24
11:12,19,47,5,442,24
11:14,69,8,13,626,8
11:20,3,37,17,773,8
11:28,18,29,4,401,24
11:30,10,17,5,109,8
11:32,39,29,19,603,4
11:41,6,17,4,618,8
11:43,58,11,45,315,24
12:04,59,38,6,170,24
12:07,37,34,6,247,24
12:10,20,38,16,317,24
12:17,52,21,5,526,24
12:19,61,17,16,448,24
12:27,21,21,6,705,8
12:30,27,44,5,572,8
12:32,44,11,3,187,8
12:33,38,18,4,65,24
12:35,50,1,6,117,24
12:38,66,34,4,99,24
12:40,26,13,5,863,24
12:42,44,9,5,160,24
12:45,34,1,6,279,8
12:47,5,31,5,630,24
12:50,42,37,5,527,24
12:52,42,17,13,451,6
12:58,69,19,4,241,24
13:00,30,47,4,810,24
13:02,50,24,5,469,6
13:04,37,39,6,80,24
13:07,23,2,6,327,24
13:10,49,13,5,755,8
13:12,1,14,5,487,24
13:14,14,33,5,162,24
13:17,19,39,6,365,24
13:20,1,5,6,666,24
13:22,52,27,4,853,8
13:24,70,31,6,95,24
13:27,3,16,6,358,8
13:30,31,44,4,282,24
13:32,62,47,4,260,24
13:34,11,31,6,529,24
13:36,12,2,20,404,24
13:46,5,49,49,656,24
14:09,21,18,8,256,24
14:12,23,42,6,99,8
14:15,55,43,5,401,24
14:17,46,31,4,264,24
14:19,70,45,45,204,8
14:40,48,19,10,731,24
14:45,13,21,21,254,24
14:55,13,4,4,104,24
14:57,31,34,4,178,24
14:59,60,40,5,52,8
15:01,58,24,5,167,24
15:03,25,11,4,467,8
15:05,20,23,5,356,8
15:07,24,3,4,592,24
15:09,21,39,6,417,8
15:12,21,12,8,854,8
15:16,5,7,5,30,24
15:18,61,27,4,157,24
15:20,24,50,4,333,24
15:22,35,13,19,270,8
15:31,68,22,4,661,24
15:33,16,23,19,235,8
15:41,62,33,8,594,8
15:45,10,5,4,495,24
15:47,11,25,5,631,8
15:49,20,10,29,520,8
16:03,20,47,14,254,24
16:09,13,29,6,451,8
16:12,30,35,4,293,24
16:14,65,35,5,641,24
16:16,7,36,12,878,24
16:22,3,34,4,368,24
16:24,43,23,5,879,24
16:26,46,6,4,145,24
16:28,7,14,4,626,8
16:30,15,22,4,484,24
16:32,36,21,17,731,6
16:40,43,14,4,42,24
16:42,15,2,17,543,24
16:50,17,17,5,821,24
16:52,64,12,6,14,8
16:55,60,1,4,289,8
16:57,63,21,6,689,24
16:59,59,26,6,782,24
17:02,43,39,21,450,24
17:12,40,43,4,726,24
17:14,5,42,15,170,8
17:21,2,39,5,72,24
17:23,13,11,5,155,8
17:26,33,35,17,500,24
17:33,13,3,8,499,8
17:37,56,36,6,677,8
17:40,32,40,6,286,24
17:43,12,44,8,116,8
17:47,26,18,24,745,24
17:58,14,19,30,362,24
18:12,58,36,18,94,24
18:20,4,20,17,579,24
18:28,55,20,6,565,8
18:31,23,9,6,459,24
18:34,13,29,6,358,24
18:36,46,35,17,411,24
18:44,27,14,15,891,24
18:51,66,26,2,251,8
18:52,67,8,17,222,24
19:00,23,41,24,17,24
19:11,12,35,6,819,24
19:14,20,42,5,367,24
19:17,32,12,4,39,24
19:18,15,12,4,520,24
19:20,47,5,4,614,24
19:22,23,16,4,355,8
19:24,13,4,15,64,8
19:31,12,27,4,745,24
19:33,30,47,6,712,24
19:36,56,45,5,139,24
19:38,68,10,18,802,24
19:46,13,31,14,415,24
19:53,53,34,6,34,24
19:56,9,26,21,497,8
20:06,53,49,6,251,24
20:08,2,49,6,486,24
20:11,69,49,4,741,24
20:13,54,31,49,117,24
20:36,2,35,4,263,24
20:38,29,23,4,92,24
20:40,29,9,6,849,24
20:42,44,50,6,607,24
20:45,24,22,6,668,24
20:48,51,29,6,309,8
20:51,24,50,25,339,24
21:03,38,12,15,413,24
21:10,50,23,5,109,24
21:12,61,10,5,79,24
21:14,56,43,6,175,24
21:17,2,12,22,489,24
21:27,54,29,6,899,8
21:30,55,1,4,734,8
21:32,50,20,19,378,24
21:41,21,37,5,707,24
21:43,66,13,6,703,24
21:46,23,47,6,221,24
21:49,4,29,5,561,24
21:51,46,33,5,520,24
21:53,41,8,2,398,8
21:54,43,41,5,487,24
21:57,36,36,44,20,24
22:17,53,10,30,678,24
22:31,19,36,4,277,24
22:33,9,14,58,511,24
23:00,56,32,3,185,24
23:02,42,34,6,5,24
23:04,41,19,13,627,24
23:10,14,49,8,704,24
