00:01,47,40,5,2,24
00:04,23,28,5,661,24
00:07,17,6,4,42,8
00:10,56,9,4,698,24
00:12,41,29,4,142,24
00:15,41,13,34,228,8
00:37,42,15,9,704,8
00:43,54,22,6,502,24
00:47,51,50,5,887,24
00:50,10,1,5,847,24
00:53,65,44,4,648,8
00:56,53,42,4,672,24
00:58,57,42,5,551,8
01:02,14,45,4,860,8
01:04,65,49,6,77,24
01:08,7,10,4,29,8
01:11,42,33,18,229,6
01:22,34,40,6,521,24
01:26,32,36,6,368,24
01:30,40,27,4,512,24
01:33,2,18,6,652,24
01:37,22,9,4,49,8
01:39,26,33,5,746,24
01:43,51,42,4,42,8
01:45,15,12,17,56,24
01:56,20,31,6,748,8
02:00,28,6,4,552,24
02:03,15,37,6,558,24
02:07,7,23,6,46,24
02:11,59,23,21,457,8
02:24,44,19,6,550,8
02:28,6,10,4,644,8
02:31,38,20,22,370,24
02:45,14,6,6,817,24
02:49,6,14,4,15,24
02:51,5,5,6,388,24
02:55,53,39,22,539,4
03:10,16,20,18,355,24
03:21,67,28,10,498,8
03:28,65,49,6,398,24
03:32,26,32,5,619,24
03:35,32,35,5,208,24
03:38,38,39,21,677,6
03:52,3,5,21,290,24
04:06,49,43,4,85,8
04:08,62,39,10,327,24
04:15,69,11,5,871,24
04:18,62,26,4,496,24
04:21,39,15,5,97,8
04:24,53,6,4,833,8
04:26,18,24,5,396,24
04:30,44,41,6,803,24
04:34,37,34,4,721,24
04:36,67,36,11,71,24
04:43,30,21,6,693,6
04:47,26,19,50,128,8
05:20,20,25,4,520,8
05:22,27,34,5,401,24
05:26,27,17,4,411,24
05:28,41,38,5,545,24
05:31,50,45,4,373,24
05:34,48,16,4,403,24
05:37,53,32,6,667,24
05:40,16,31,4,488,8
05:43,5,28,5,291,24
05:46,17,28,5,396,24
05:50,50,26,4,877,6
05:52,46,39,25,464,6
06:08,58,13,6,423,24
06:12,60,31,5,833,24
06:16,37,19,5,715,24
06:19,7,34,20,681,24
06:32,10,37,11,875,24
06:39,43,26,4,544,4
06:42,38,20,10,369,24
06:48,19,6,5,763,8
06:51,39,21,4,756,24
06:54,7,16,20,96,24
07:07,64,29,4,386,24
07:10,34,50,5,289,24
07:13,41,20,17,870,24
07:24,17,50,14,286,24
07:33,54,2,4,419,8
07:36,63,17,5,812,24
07:39,28,28,4,650,24
07:41,41,29,5,196,4
07:45,24,17,5,113,24
07:48,27,32,5,680,24
07:51,20,13,6,41,24
07:55,68,50,5,812,24
07:58,57,12,2,557,24
08:00,36,31,17,415,24
08:11,32,29,6,491,24
08:15,48,28,5,303,24
08:18,29,42,20,600,24
08:31,35,27,6,171,4
08:35,20,18,4,427,24
08:37,16,22,4,232,24
08:40,5,4,10,807,24
08:46,29,41,5,619,24
08:50,36,4,4,708,24
08:52,27,46,4,229,24
08:55,36,32,5,317,24
08:58,38,29,21,575,8
09:12,23,32,46,648,24
09:42,51,4,10,487,24
09:48,62,34,5,202,8
09:51,63,31,17,110,24
10:02,3,10,2,739,24
10:04,23,28,4,132,24
10:06,65,18,5,170,8
10:10,46,14,6,104,24
10:13,48,49,5,190,24
10:17,59,27,6,700,24
10:21,64,21,5,496,8
10:24,59,25,5,482,8
10:27,53,7,16,331,24
10:38,57,5,4,848,24
10:40,36,37,5,201,6
10:43,41,43,55,631,8
11:19,43,31,5,144,8
11:22,54,37,17,265,24
11:33,49,26,6,151,4
11:37,43,42,6,30,24
11:41,50,49,6,211,24
11:45,65,23,5,121,24
11:48,12,13,14,266,24
11:57,58,37,12,289,24
12:05,37,28,5,253,8
12:09,51,44,6,164,24
12:12,50,37,7,208,6
12:17,66,19,4,671,24
12:20,67,9,16,490,24
12:30,47,11,16,330,24
12:40,6,24,12,334,24
12:48,43,10,48,673,24
13:19,21,31,13,70,24
13:28,10,5,23,415,24
13:43,13,31,41,142,24
14:09,28,38,5,143,8
14:13,36,29,53,515,24
14:47,38,31,22,549,8
15:01,13,18,4,749,24
15:04,59,10,16,722,24
15:14,36,40,6,446,24
15:18,28,5,6,258,24
15:22,36,27,6,729,8
15:26,4,31,51,777,24
15:59,50,43,20,534,24
16:12,8,50,12,591,24
16:20,53,11,6,338,24
16:24,21,31,5,87,24
16:27,40,34,6,124,24
16:31,51,17,11,583,24
16:38,31,45,4,829,24
16:41,69,35,6,894,24
16:45,31,46,4,21,24
16:47,37,6,4,292,24
16:50,69,31,5,621,8
16:53,16,29,13,678,24
17:02,47,47,5,160,24
17:05,54,46,5,712,24
17:08,61,49,19,439,24
17:21,1,33,6,701,24
17:24,46,7,18,67,24
17:36,59,8,5,766,24
17:39,40,37,34,814,24
18:01,23,20,5,877,24
18:05,5,8,40,62,24
18:31,67,7,10,291,24
18:37,20,13,6,598,24
18:41,61,44,5,505,8
18:44,30,38,6,835,24
18:48,32,28,5,293,24
18:52,64,24,13,882,24
19:00,24,35,4,198,24
19:03,28,8,5,188,8
19:06,56,38,6,450,24
19:10,34,50,4,164,24
19:12,66,46,15,358,24
19:22,4,11,18,509,24
19:34,16,47,5,301,24
19:37,48,45,18,745,24
19:49,60,38,5,884,24
19:52,35,40,4,710,24
19:55,34,22,6,375,24
19:58,24,33,4,480,24
20:01,10,23,19,348,8
20:13,32,37,16,71,24
20:24,7,49,4,365,8
20:26,12,26,6,822,8
20:30,59,22,4,61,24
20:33,32,41,4,442,24
20:36,40,3,5,335,24
20:39,67,32,5,797,24
20:42,49,16,20,11,24
20:55,1,10,6,123,24
20:59,38,20,6,171,8
21:03,54,7,16,373,8
21:13,70,7,4,150,24
21:16,36,15,11,312,8
21:23,44,29,5,847,24
21:26,16,29,6,358,8
21:30,35,49,5,42,8
21:33,69,44,4,699,8
21:36,50,27,4,793,24
21:39,56,16,20,808,24
21:52,68,8,5,536,24
21:55,56,46,4,247,24
21:57,29,49,5,425,24
22:01,11,3,5,639,24
22:04,55,39,6,112,24
22:08,39,17,4,334,8
22:10,65,17,5,819,24
22:14,10,34,4,790,8
22:16,2,25,17,221,24
22:27,63,42,4,95,8
22:30,33,34,4,436,24
22:33,9,23,5,758,24
22:36,56,2,12,65,8
22:44,22,45,6,717,24
22:47,39,11,6,444,8
22:51,16,29,4,765,24
22:54,28,10,5,546,8
22:57,37,13,6,193,8
23:01,67,9,13,388,8
23:10,1,22,36,873,8
