00:01,18,42,5,512,24
00:02,44,36,5,621,4
00:04,7,47,15,694,24
00:10,47,29,4,695,8
00:12,66,7,4,278,8
00:13,34,35,5,248,24
00:15,13,31,18,32,24
00:22,54,26,5,457,24
00:24,68,21,6,889,8
00:26,58,39,5,757,24
00:28,27,15,4,373,24
00:30,14,46,5,704,24
00:32,39,48,5,705,24
00:33,25,13,34,742,24
00:47,20,12,4,744,24
00:48,28,9,50,98,24
01:07,5,21,6,652,24
01:10,44,38,4,375,4
01:11,6,31,6,357,24
01:13,49,36,4,186,24
01:15,61,28,4,510,24
01:16,69,22,4,771,8
01:18,41,34,4,460,4
01:19,4,32,48,704,24
01:38,43,26,4,211,24
01:39,50,38,6,804,8
01:42,42,31,44,706,6
01:59,62,19,4,398,24
02:00,17,4,40,673,24
02:15,41,20,11,533,24
02:20,51,36,5,378,24
02:22,39,45,11,670,24
02:26,23,21,5,680,24
02:28,61,6,5,755,24
02:30,53,25,5,586,24
02:32,57,4,5,218,8
02:33,65,9,14,268,24
02:39,39,25,5,104,8
02:41,46,35,6,590,6
02:43,11,37,6,626,24
02:45,41,34,16,285,24
02:51,41,26,4,593,4
02:53,46,50,6,100,24
02:55,27,36,4,207,24
02:57,24,17,6,405,24
02:59,46,29,4,514,8
03:01,67,15,10,101,24
03:05,53,31,6,25,4
03:07,33,50,5,99,24
03:09,23,18,4,689,24
03:10,46,26,4,203,4
03:12,37,39,5,342,24
03:14,11,8,15,570,8
03:19,25,23,6,246,24
03:22,17,9,18,448,24
03:29,14,43,6,597,8
03:31,23,25,4,635,24
03:32,34,2,4,834,8
03:34,28,24,5,754,24
03:36,19,10,8,817,8
03:39,28,16,5,829,8
03:41,46,27,6,898,24
03:43,70,39,4,239,24
03:45,46,37,6,417,24
03:47,10,21,4,528,24
03:49,27,36,5,475,24
03:51,49,44,6,233,24
03:53,49,31,20,72,8
04:00,50,12,4,389,8
04:02,24,34,5,430,24
04:04,59,32,4,586,24
04:05,26,1,9,609,24
04:09,15,21,6,867,24
04:11,67,1,4,715,24
04:13,67,47,6,642,8
04:15,56,24,6,634,24
04:17,25,7,19,333,24
04:25,35,37,6,560,24
04:27,55,38,4,474,24
04:28,25,29,5,18,24
04:30,47,48,4,601,24
04:32,33,10,6,421,24
04:34,35,21,15,713,4
04:40,1,32,5,849,24
04:42,23,25,59,589,24
05:04,43,27,4,503,6
05:06,32,9,4,607,24
05:08,5,36,22,246,24
05:16,25,26,4,877,24
05:18,21,49,4,228,24
05:19,43,9,4,276,24
05:21,6,20,19,894,24
05:28,14,4,5,166,8
05:30,52,29,4,279,8
05:31,9,4,6,168,24
05:34,57,31,5,357,8
05:36,26,12,4,779,8
05:37,66,41,13,39,24
05:42,4,40,54,831,24
06:03,39,11,4,106,24
06:04,42,39,4,429,24
06:06,31,35,17,215,6
06:12,47,49,6,863,24
06:15,49,9,6,116,24
06:17,43,50,6,430,8
06:19,4,43,5,205,8
06:21,41,43,6,383,24
06:23,40,39,5,625,4
06:25,33,13,5,668,24
06:27,54,7,48,81,24
06:46,24,16,4,129,24
06:47,42,22,5,56,24
06:49,70,18,6,497,24
06:51,25,43,4,417,24
06:53,66,43,11,522,8
06:57,40,48,13,797,24
07:02,39,6,5,633,8
07:04,38,3,10,561,24
07:08,12,36,21,860,24
07:16,7,41,4,419,24
07:18,20,50,4,58,24
07:19,54,32,21,354,24
07:27,30,40,11,476,24
07:31,33,42,6,411,24
07:34,33,14,4,613,24
07:35,36,34,3,461,6
07:36,31,11,5,686,24
07:38,44,22,5,157,24
07:40,17,16,53,281,24
08:00,31,29,8,47,8
08:04,24,25,6,102,24
08:06,20,10,5,236,24
08:08,15,34,20,731,8
08:15,14,1,4,841,8
08:17,37,27,6,111,24
08:19,10,39,4,743,24
08:21,66,23,23,169,8
08:30,7,11,5,612,24
08:31,60,42,6,776,24
08:34,18,31,6,494,24
08:36,69,23,20,284,24
08:44,39,46,34,762,8
08:57,20,31,6,204,24
08:59,12,27,6,518,8
09:01,6,33,6,173,24
09:04,43,40,30,294,24
09:15,69,8,4,504,24
09:17,13,8,13,47,8
09:22,62,27,4,622,24
09:23,40,19,16,236,8
09:29,42,36,4,51,24
09:31,47,13,4,491,8
09:32,57,32,18,483,24
09:39,66,13,20,117,24
09:47,7,18,5,75,24
09:49,57,7,4,430,24
09:50,11,43,4,409,24
09:52,50,3,6,179,8
09:54,46,20,8,774,4
09:57,10,46,4,641,24
09:59,34,15,6,235,24
10:01,3,2,5,254,8
10:03,19,40,5,557,24
10:05,23,23,6,334,24
10:07,47,35,6,516,24
10:10,25,29,5,844,24
10:12,69,2,4,679,24
10:13,46,35,14,56,4
10:18,69,14,13,130,8
10:23,49,6,5,287,8
10:25,50,26,6,72,4
10:28,49,20,4,69,6
10:29,44,25,15,283,24
10:35,55,7,9,277,24
10:38,3,21,17,155,24
10:45,36,2,5,176,8
10:47,12,18,33,518,24
10:59,42,28,3,283,24
11:01,16,31,4,509,8
11:02,12,19,6,346,24
11:04,70,1,16,316,8
11:11,2,6,4,558,24
11:12,55,23,4,124,8
11:14,23,31,45,47,24
11:31,48,45,6,308,24
11:33,37,6,5,818,24
11:35,55,35,19,811,24
11:42,35,6,33,285,24
11:55,4,11,6,124,24
11:57,17,37,15,362,24
12:03,44,41,52,380,24
12:23,37,3,6,596,8
12:25,17,38,20,863,24
12:33,43,46,6,662,24
12:35,58,47,15,498,24
12:41,67,6,22,90,8
12:49,55,49,8,173,24
12:53,58,7,6,141,8
12:55,48,31,5,374,24
12:57,47,42,24,271,24
13:06,47,6,4,215,24
13:07,26,11,17,448,24
13:14,37,10,4,830,24
13:16,6,36,6,504,24
13:18,14,1,45,760,24
13:35,69,31,4,690,24
13:37,2,31,5,541,24
13:39,49,38,17,727,8
13:45,12,13,5,319,8
13:47,10,40,24,546,24
13:56,19,14,17,169,24
14:03,57,10,5,238,24
14:05,39,42,4,197,24
14:06,27,45,4,172,8
14:08,44,18,4,120,24
14:09,60,18,8,269,24
14:12,33,28,6,398,24
14:15,66,31,4,415,24
14:16,64,14,4,562,24
14:18,34,12,4,7,8
14:19,53,48,5,779,24
14:21,18,18,5,883,24
14:23,50,20,6,287,8
14:25,70,44,14,103,24
14:31,60,20,6,540,24
14:33,37,9,4,632,24
14:35,9,17,5,336,24
14:36,57,20,16,608,8
14:43,1,26,6,8,24
14:45,52,31,5,74,24
14:47,59,46,36,309,24
15:01,55,29,5,614,8
15:02,26,24,24,444,24
15:12,5,31,4,20,24
15:13,13,3,4,791,8
15:15,46,44,6,803,24
15:17,38,31,6,133,6
15:19,17,45,5,835,24
15:21,16,47,12,154,8
15:26,9,47,18,30,24
15:33,23,37,4,244,24
15:34,49,43,15,118,24
15:40,24,33,6,412,24
15:42,46,47,5,486,24
15:44,43,31,6,53,6
15:47,27,26,12,248,24
15:51,69,38,6,52,8
15:53,59,14,14,153,24
15:59,14,31,6,851,24
16:01,19,10,5,628,24
16:03,70,21,5,892,8
16:05,36,25,5,808,24
16:07,40,25,19,312,24
16:14,57,23,4,475,8
16:16,25,21,21,89,8
16:24,17,33,4,22,24
16:25,46,47,18,336,24
16:32,5,38,18,125,24
16:39,40,29,6,847,24
16:41,39,36,6,547,24
16:44,3,33,5,884,8
16:46,46,31,5,174,24
16:48,46,46,5,787,24
16:49,54,18,4,294,24
16:51,22,49,19,615,8
16:58,59,3,5,453,24
17:00,17,44,6,406,24
17:02,18,9,6,327,24
17:05,59,14,4,138,24
17:06,35,11,11,332,8
17:11,29,20,13,571,8
17:16,15,8,13,322,24
17:20,1,42,5,601,24
17:22,5,34,4,815,24
17:24,31,27,5,826,24
17:26,29,49,27,95,24
17:36,29,26,4,432,8
17:38,53,21,9,472,24
17:41,36,17,5,666,8
17:43,34,22,4,667,24
17:45,16,38,6,756,24
17:47,19,22,5,805,24
17:49,46,33,4,614,24
17:50,15,6,4,730,8
17:52,59,45,5,370,24
17:54,11,27,6,678,24
17:56,44,2,9,5,24
18:00,31,4,6,674,8
18:02,37,48,6,121,24
18:04,29,5,5,80,24
18:06,52,15,4,51,24
18:08,32,8,11,592,24
18:12,66,26,18,203,24
18:19,25,49,5,192,24
18:21,37,17,6,864,24
18:23,33,11,6,105,24
18:25,69,20,4,171,24
18:27,40,3,5,784,24
18:29,54,15,6,828,24
18:31,46,46,19,613,24
18:38,1,36,57,235,24
19:00,46,33,17,70,24
19:07,18,15,6,260,24
19:09,52,23,6,214,8
19:11,17,18,5,478,24
19:13,58,39,21,806,24
19:21,49,2,8,700,8
19:24,54,15,5,555,24
19:26,67,33,21,72,24
19:34,35,25,4,670,24
19:36,40,35,5,72,8
19:38,70,33,4,781,8
19:39,32,22,4,523,8
19:41,3,44,22,863,24
19:49,27,32,6,662,24
19:52,36,31,11,502,24
19:56,30,29,4,510,24
19:57,36,8,5,875,24
19:59,32,12,22,232,8
20:08,44,18,5,507,24
20:10,46,8,14,822,24
20:15,39,27,4,104,6
20:16,48,31,5,300,24
20:18,56,33,6,585,24
20:21,22,13,6,888,24
20:23,19,42,16,174,24
20:29,69,15,5,550,8
20:31,17,2,4,158,24
20:33,44,24,4,133,24
20:34,42,25,5,864,24
20:36,6,45,5,146,24
20:38,25,15,18,106,8
20:45,69,31,5,580,24
20:47,64,45,4,656,24
20:48,59,22,18,338,24
20:55,56,32,4,663,8
20:57,56,15,6,874,24
20:59,64,35,32,113,24
21:11,3,2,4,759,24
21:13,59,6,6,282,24
21:15,30,5,16,666,24
21:21,60,41,4,163,24
21:23,46,8,5,719,24
21:25,40,16,4,296,24
21:26,22,13,9,850,24
21:30,20,50,6,38,24
21:32,51,48,17,660,8
21:38,69,31,3,628,24
21:40,69,47,4,200,8
21:41,34,14,6,731,24
21:43,49,10,5,261,24
21:45,64,43,10,419,24
21:49,11,31,3,730,24
21:50,36,26,4,206,24
21:52,24,29,4,834,8
21:53,58,27,6,338,8
21:56,20,8,5,885,24
21:58,58,10,8,437,24
22:01,19,23,5,160,24
22:03,35,40,6,442,8
22:05,18,22,18,143,8
22:12,43,9,5,322,8
22:14,64,32,6,235,8
22:16,38,19,6,446,8
22:18,59,33,45,308,8
22:36,33,10,16,11,8
22:42,61,29,20,115,8
22:49,8,21,59,416,8
23:12,63,13,5,18,8
23:14,36,34,4,716,6
23:15,14,20,6,782,8
23:18,46,23,4,28,6
23:19,70,21,6,867,8
23:22,26,42,17,642,8
23:28,46,23,4,717,8
23:30,7,21,6,790,8
23:32,66,23,4,29,8
23:33,40,43,17,741,8
23:40,50,38,14,205,6
23:45,31,39,5,171,6
23:47,51,35,29,265,6
