00:03,43,7,4,501,24
00:05,20,31,18,742,24
00:15,22,31,4,56,24
00:17,2,48,10,430,8
00:22,40,41,4,752,24
00:25,18,18,13,515,24
00:32,49,38,5,573,4
00:34,65,35,17,147,8
00:44,55,10,5,121,24
00:47,59,14,5,87,24
00:49,65,8,6,478,24
00:53,20,46,5,314,24
00:55,61,41,2,252,8
00:56,43,27,6,871,24
01:00,16,33,5,686,24
01:02,58,31,5,586,24
01:05,7,6,2,420,8
01:06,5,40,45,517,24
01:31,48,29,6,157,8
01:34,44,34,4,6,24
01:37,35,23,6,743,24
01:40,19,6,4,679,8
01:42,1,12,5,540,8
01:45,70,29,17,842,8
01:54,41,18,18,705,24
02:04,1,17,3,744,8
02:06,51,46,16,427,24
02:15,35,31,20,482,6
02:26,66,1,8,125,8
02:30,54,14,5,885,24
02:33,25,31,6,450,24
02:36,11,2,4,558,24
02:38,57,7,5,295,8
02:41,39,47,5,193,24
02:44,43,22,4,669,24
02:46,36,10,5,582,24
02:49,60,39,6,102,24
02:52,60,45,4,150,24
02:54,30,50,4,696,24
02:56,4,29,5,636,24
02:59,7,36,20,468,24
03:10,39,28,5,88,6
03:13,69,8,17,423,24
03:22,15,49,6,24,24
03:25,60,31,4,719,24
03:28,10,23,17,435,24
03:37,29,13,5,713,8
03:40,29,40,12,56,24
03:46,31,14,5,894,24
03:49,47,35,5,303,24
03:52,47,23,5,106,4
03:55,30,40,11,210,24
04:01,53,45,4,829,8
04:03,33,16,6,643,24
04:06,62,45,5,739,8
04:09,54,39,10,729,6
04:14,59,18,30,442,24
04:31,8,37,17,124,24
04:40,16,25,4,565,24
04:42,62,31,6,541,24
04:46,49,43,6,488,24
04:49,13,38,6,706,8
04:52,8,42,4,798,24
04:55,40,34,5,186,4
04:57,55,47,4,495,8
05:00,64,24,9,376,8
05:04,66,8,19,146,24
05:15,58,42,5,232,24
05:18,8,45,23,136,8
05:30,27,4,6,86,24
05:34,64,31,6,221,8
05:37,38,37,16,859,4
05:46,21,21,5,863,24
05:48,67,31,4,141,24
05:51,54,31,4,198,24
05:53,32,19,16,858,8
06:02,13,32,4,375,24
06:04,2,17,14,23,24
06:12,5,32,6,712,24
06:15,14,6,5,786,8
06:18,7,22,13,741,24
06:25,35,27,14,219,4
06:32,16,50,4,382,8
06:35,32,12,14,152,24
06:42,13,50,5,603,24
06:45,63,6,4,66,24
06:47,5,36,2,458,24
06:48,49,29,5,205,24
06:51,24,4,12,864,24
06:58,48,22,4,579,24
07:00,39,31,7,495,4
07:04,56,16,15,91,24
07:12,37,18,5,92,6
07:15,47,21,4,86,8
07:17,6,23,4,367,24
07:19,28,41,5,630,24
07:22,63,40,6,273,24
07:25,47,28,6,489,6
07:29,57,16,4,877,24
07:31,39,29,5,178,24
07:34,44,40,4,51,24
07:36,5,31,6,522,24
07:39,69,19,4,377,24
07:41,13,8,4,122,24
07:43,48,34,6,375,24
07:47,36,12,10,879,24
07:52,61,19,12,473,24
07:59,43,29,4,194,8
08:01,22,8,17,738,24
08:10,47,49,4,61,24
08:13,9,3,6,594,8
08:16,3,42,4,178,24
08:18,2,24,41,472,24
08:41,58,26,6,867,24
08:44,64,49,4,774,24
08:46,58,34,6,511,24
08:49,12,44,6,218,8
08:53,4,19,5,564,8
08:55,4,2,6,742,24
08:59,65,28,3,319,8
09:00,58,33,5,63,24
09:03,62,33,4,885,24
09:05,62,45,5,579,24
09:08,15,31,41,673,24
09:31,7,47,5,630,24
09:33,5,9,5,613,24
09:36,26,35,8,561,8
09:41,61,19,4,477,24
09:43,18,28,4,707,24
09:45,12,45,17,856,24
09:54,26,8,9,822,8
09:59,61,40,38,358,24
10:20,25,39,19,233,24
10:31,59,47,4,844,24
10:33,54,40,20,233,8
10:44,39,2,6,411,24
10:47,29,2,6,212,8
10:50,34,40,20,324,8
11:01,44,23,17,871,24
11:11,20,20,22,260,8
11:23,64,1,4,858,24
11:25,31,16,53,234,24
11:54,44,23,15,538,24
12:02,20,29,16,103,8
12:11,43,44,4,313,8
12:13,55,7,4,87,24
12:16,49,46,4,24,24
12:18,7,28,6,58,24
12:21,62,18,19,272,8
12:32,7,36,6,194,8
12:35,28,28,4,846,24
12:37,46,21,6,547,24
12:40,49,26,5,325,8
12:43,33,11,6,340,8
12:46,57,27,6,164,8
12:50,5,32,9,669,24
12:55,38,9,6,416,24
12:58,53,8,4,575,24
13:00,31,38,8,549,24
13:05,61,36,4,784,24
13:07,12,13,17,747,24
13:16,23,9,6,507,24
13:19,65,21,6,529,8
13:23,13,4,4,363,24
13:25,11,31,6,385,24
13:28,44,44,5,271,24
13:31,70,36,5,219,8
13:34,69,32,5,673,24
13:37,60,44,4,464,8
13:39,3,11,6,588,24
13:42,36,17,4,20,6
13:44,50,19,4,57,24
13:46,21,13,4,638,24
13:49,8,33,3,96,24
13:50,54,10,12,38,8
13:57,9,47,40,144,8
14:19,8,47,5,342,24
14:22,60,48,21,27,24
14:33,10,13,8,159,24
14:38,26,35,37,103,8
14:58,53,37,6,105,24
15:01,4,44,6,728,24
15:05,3,10,3,365,8
15:06,27,18,15,266,24
15:14,27,24,5,106,24
15:17,15,50,21,277,24
15:29,56,40,4,417,24
15:31,41,43,4,482,24
15:33,32,50,4,149,8
15:35,25,31,4,346,24
15:38,65,12,4,471,24
15:40,65,48,5,182,24
15:42,37,45,5,582,24
15:45,8,34,5,36,24
15:48,30,18,4,163,8
15:50,37,4,5,82,8
15:53,20,13,6,845,24
15:56,17,38,16,602,8
16:05,50,9,4,730,8
16:07,46,16,54,429,6
16:37,21,13,1,710,8
16:37,57,28,5,248,24
16:40,19,24,14,898,24
16:48,57,39,6,243,24
16:51,19,16,6,526,24
16:55,5,20,14,816,24
17:02,47,39,5,559,8
17:05,33,49,4,160,24
17:07,13,14,4,833,24
17:09,31,19,6,76,24
17:13,26,5,6,804,24
17:16,26,37,6,708,24
17:19,1,49,5,12,24
17:22,33,37,6,66,24
17:25,48,18,4,579,24
17:28,15,32,6,308,24
17:31,19,4,6,775,24
17:34,11,31,6,763,24
17:37,50,28,4,549,24
17:40,53,46,5,679,24
17:42,10,4,4,537,24
17:45,29,21,6,383,24
17:48,5,3,4,672,24
17:50,2,22,16,389,24
17:59,35,10,22,322,24
18:11,4,8,5,155,24
18:14,54,12,35,126,24
18:33,54,37,4,593,24
18:35,27,8,4,441,24
18:37,23,38,4,848,24
18:40,64,45,5,377,24
18:42,44,8,5,193,24
18:45,37,13,9,417,24
18:50,53,27,5,378,8
18:53,5,24,4,703,24
18:55,38,24,4,389,24
18:57,55,49,20,552,24
19:08,34,29,15,566,8
19:16,13,22,6,744,24
19:20,13,28,39,565,24
19:41,67,31,4,293,24
19:43,55,31,4,202,24
19:46,46,42,6,372,24
19:49,40,2,4,534,24
19:51,58,25,6,227,24
19:54,12,36,5,360,8
19:57,53,46,6,840,24
20:00,26,42,15,123,24
20:09,69,25,6,850,24
20:12,63,28,18,764,8
20:22,1,36,5,686,24
20:25,15,44,6,187,24
20:28,33,10,3,165,24
20:30,54,17,5,404,24
20:32,30,18,2,438,24
20:33,52,34,12,584,24
20:40,58,37,4,580,24
20:42,8,32,12,455,24
20:49,22,11,22,367,24
21:01,55,20,4,542,24
21:03,3,36,6,480,24
21:06,69,16,4,92,24
21:09,46,14,6,205,24
21:12,53,11,4,73,24
21:14,24,34,4,384,24
21:16,35,33,5,855,8
21:19,62,20,25,752,24
21:33,5,39,5,499,24
21:36,59,6,6,757,24
21:39,18,41,9,543,24
21:44,39,18,4,891,24
21:46,15,13,4,489,8
21:48,70,41,5,159,8
21:51,62,7,5,179,24
21:54,42,17,13,326,24
22:01,1,35,6,32,24
22:04,60,17,4,773,24
22:06,8,8,6,390,24
22:10,68,35,5,788,24
22:12,32,42,4,787,24
22:15,34,29,4,456,24
22:17,34,38,4,764,24
22:19,57,8,4,21,24
22:21,29,11,4,517,24
22:23,9,42,6,585,24
22:27,26,35,4,695,24
22:29,13,29,5,216,24
22:32,55,24,13,330,24
22:39,30,7,6,137,24
22:42,5,29,5,835,8
22:45,48,1,4,519,8
22:47,58,4,51,176,24
23:15,49,6,1,301,24
23:16,38,17,4,373,8
23:18,49,17,4,389,8
23:20,47,19,18,266,8
23:30,58,17,4,301,8
23:32,43,16,15,726,8
23:40,17,17,4,770,8
23:43,46,42,4,644,8
23:45,51,43,12,201,8
23:51,67,13,6,322,8
