00:03,39,45,6,125,24
00:04,61,2,6,579,24
00:06,1,12,12,607,8
00:10,47,42,5,820,24
00:12,46,13,21,494,24
00:18,61,32,4,795,24
00:20,11,44,6,766,8
00:22,19,1,18,69,24
00:27,1,29,5,233,24
00:29,23,9,19,147,8
00:35,48,35,6,569,8
00:37,41,39,17,97,8
00:42,23,32,6,71,24
00:44,52,39,13,128,24
00:48,47,16,5,582,24
00:50,54,33,6,542,8
00:52,9,46,16,244,24
00:57,10,35,4,24,24
00:58,29,5,5,744,24
01:00,50,32,4,138,24
01:01,4,1,4,737,24
01:02,69,24,5,645,24
01:04,38,40,17,382,24
01:09,47,43,5,825,24
01:11,66,9,5,871,8
01:12,51,3,19,169,8
01:18,7,4,5,892,24
01:20,36,41,6,852,24
01:22,12,25,6,168,24
01:24,4,28,4,502,24
01:25,41,31,6,363,8
01:27,57,42,20,607,24
01:33,69,27,4,155,24
01:34,55,11,6,389,24
01:36,39,24,2,323,8
01:37,38,1,4,884,24
01:38,59,38,4,498,24
01:39,30,44,4,725,24
01:41,11,16,20,331,8
01:47,17,48,4,101,24
01:48,33,2,5,693,24
01:50,34,25,4,88,24
01:51,2,20,14,598,8
01:56,57,22,5,645,24
01:57,29,15,10,644,24
02:00,3,47,6,459,24
02:02,38,36,4,391,6
02:03,52,19,6,603,8
02:05,16,39,6,311,24
02:07,1,28,6,241,24
02:09,49,22,13,242,8
02:13,5,29,5,655,24
02:15,28,14,57,681,24
02:33,50,25,22,383,4
02:40,61,36,6,35,24
02:42,6,31,4,346,24
02:43,69,29,13,789,8
02:47,37,27,8,95,6
02:50,66,12,6,372,24
02:52,31,8,4,519,24
02:53,20,3,56,6,24
03:11,30,22,4,744,24
03:12,8,8,4,583,24
03:13,9,50,6,828,8
03:15,24,27,6,93,24
03:17,59,42,4,89,24
03:18,36,41,4,162,24
03:19,9,31,4,517,24
03:21,24,37,19,801,24
03:27,69,6,6,804,24
03:29,48,43,4,254,24
03:30,50,8,6,544,24
03:32,36,21,15,530,6
03:37,37,16,44,228,24
03:51,10,29,6,759,24
03:52,36,28,4,384,8
03:54,42,44,6,892,8
03:56,52,8,5,368,8
03:57,65,36,6,596,24
03:59,22,21,9,44,24
04:02,24,31,14,751,24
04:06,46,47,5,644,24
04:08,65,36,5,345,8
04:10,66,11,5,391,8
04:11,5,17,6,714,24
04:13,51,28,5,44,4
04:15,33,9,20,270,24
04:21,37,47,16,556,24
04:26,55,4,6,131,24
04:28,21,36,4,566,24
04:29,46,23,2,844,8
04:30,8,1,4,153,24
04:31,38,46,5,607,24
04:33,20,24,4,703,24
04:34,10,32,13,1,24
04:38,46,14,6,582,24
04:40,13,20,6,769,24
04:42,10,50,6,163,24
04:44,25,15,11,754,24
04:47,60,18,6,98,8
04:49,37,24,6,357,24
04:51,16,45,18,324,24
04:57,10,33,47,807,24
05:12,1,17,18,273,24
05:17,43,5,4,527,8
05:19,61,22,5,409,24
05:20,55,46,5,259,24
05:22,4,23,4,435,8
05:23,31,33,14,464,24
05:27,6,27,4,697,24
05:29,36,9,5,275,24
05:30,46,36,4,770,24
05:32,24,48,4,270,24
05:33,64,16,4,260,24
05:34,59,25,19,322,24
05:40,47,17,6,664,24
05:42,49,50,6,414,8
05:44,4,3,2,59,8
05:45,50,7,24,492,24
05:52,51,22,6,797,6
05:54,44,17,6,867,24
05:56,33,48,6,81,24
05:58,62,43,6,266,8
06:00,60,45,12,508,8
06:04,9,1,5,518,24
06:05,32,24,19,895,8
06:11,42,25,5,758,4
06:13,5,16,5,512,24
06:14,4,28,6,698,24
06:16,7,9,5,133,24
06:18,67,37,6,141,24
06:20,4,19,4,890,24
06:21,48,31,6,516,24
06:23,28,23,4,816,8
06:24,26,46,34,482,8
06:35,42,47,5,467,24
06:36,64,39,4,735,24
06:38,52,21,5,531,4
06:39,19,18,4,112,24
06:41,6,21,4,360,8
06:42,9,37,12,508,8
06:46,17,32,4,119,24
06:47,60,31,6,346,24
06:49,10,1,5,900,8
06:50,54,14,6,678,24
06:52,48,19,5,570,24
06:54,22,46,6,450,24
06:56,66,42,5,679,24
06:57,46,34,6,226,24
06:59,34,31,6,1,24
07:01,19,33,4,860,24
07:02,53,20,36,869,24
07:14,41,4,18,24,24
07:20,65,41,6,3,24
07:21,36,40,6,384,24
07:23,42,46,6,57,24
07:25,24,45,5,639,8
07:27,64,12,6,495,24
07:29,36,14,4,331,24
07:30,43,15,4,207,6
07:31,44,25,14,782,6
07:36,47,27,6,141,4
07:38,14,7,6,49,24
07:39,19,11,4,246,8
07:41,29,46,32,595,24
07:51,42,31,6,89,6
07:53,41,45,6,587,24
07:55,16,35,5,144,8
07:56,14,12,18,168,24
08:02,52,3,5,81,24
08:04,43,17,5,772,24
08:05,66,37,4,404,24
08:06,60,12,6,854,8
08:08,68,8,12,431,8
08:12,7,27,4,314,24
08:13,46,31,4,215,8
08:15,51,14,21,221,24
08:21,24,48,5,698,24
08:23,1,23,10,831,24
08:26,2,20,4,79,24
08:27,36,14,10,364,24
08:30,43,3,4,470,24
08:32,27,10,4,150,24
08:33,63,14,52,194,8
08:49,6,35,4,360,24
08:51,37,29,6,694,6
08:53,68,9,41,358,24
09:06,34,24,6,557,24
09:07,46,35,6,886,4
09:09,3,1,4,194,24
09:11,70,48,6,682,24
09:13,41,5,5,249,24
09:14,37,46,48,323,8
09:29,66,28,5,213,24
09:31,6,33,48,815,24
09:46,30,4,6,491,8
09:48,4,4,4,57,24
09:49,12,12,5,405,24
09:51,2,2,4,704,24
09:52,39,12,28,733,24
10:01,50,12,4,730,24
10:02,60,13,5,177,8
10:04,43,31,4,270,4
10:05,16,23,4,599,24
10:06,49,3,4,626,8
10:08,44,17,4,37,24
10:09,40,24,4,607,4
10:10,27,31,21,132,24
10:17,59,4,5,145,24
10:18,51,23,6,617,8
10:20,47,34,5,308,24
10:22,31,9,6,108,8
10:24,27,26,17,411,24
10:29,9,31,17,223,24
10:35,54,12,5,613,8
10:36,30,27,6,1,6
10:38,6,46,40,677,24
10:51,43,3,4,504,24
10:52,8,20,4,183,24
10:53,46,12,16,480,24
10:58,35,34,59,256,8
11:17,18,20,12,366,24
11:21,64,46,4,669,24
11:22,2,33,5,315,8
11:24,64,48,4,843,24
11:25,27,2,4,301,24
11:26,56,37,6,353,24
11:28,18,49,10,523,8
11:31,4,33,11,483,8
11:35,37,1,5,488,24
11:36,43,18,6,666,24
11:38,43,4,5,630,24
11:40,50,44,19,812,24
11:46,7,24,4,55,24
11:47,31,29,4,862,24
11:48,63,1,14,616,24
11:53,1,24,21,379,24
11:59,28,24,6,294,24
12:01,64,32,20,293,24
12:08,49,15,50,657,8
12:24,19,13,4,468,8
12:25,17,29,21,276,8
12:31,43,47,20,130,24
12:38,19,15,6,231,8
12:40,67,2,8,173,24
12:42,11,31,8,657,24
12:45,66,38,4,187,24
12:46,56,21,4,855,8
12:47,30,36,12,540,24
12:51,41,8,6,148,24
12:53,69,42,5,149,8
12:55,36,31,6,808,24
12:56,52,47,5,799,24
12:58,34,31,5,155,24
13:00,31,25,52,607,6
13:16,69,24,5,102,24
13:18,11,31,4,530,24
13:19,13,36,5,98,24
13:21,32,45,6,278,24
13:22,30,31,4,724,24
13:24,62,37,4,497,24
13:25,34,16,22,880,24
13:32,9,36,4,424,24
13:33,69,33,4,23,24
13:34,35,12,13,34,24
13:39,66,40,6,771,24
13:40,6,36,4,85,24
13:42,46,29,6,821,6
13:44,15,29,6,11,24
13:46,51,39,23,263,24
13:53,42,40,6,222,24
13:55,13,26,17,57,24
14:00,63,38,5,619,8
14:02,59,18,5,525,8
14:03,36,27,38,223,8
14:15,33,23,5,164,24
14:17,12,2,4,482,24
14:18,16,3,12,343,24
14:22,30,26,5,284,24
14:24,49,17,4,372,8
14:25,3,44,20,869,24
14:31,61,24,6,395,8
14:33,12,28,16,538,8
14:38,47,26,4,11,24
14:39,51,1,6,565,24
14:41,29,19,5,315,24
14:43,46,18,5,112,24
14:44,39,28,4,644,4
14:46,49,1,6,281,24
14:48,10,40,5,269,24
14:49,11,25,6,852,24
14:51,30,27,4,276,24
14:52,4,8,4,381,24
14:54,20,12,4,840,24
14:55,59,20,5,850,24
14:56,61,5,8,882,24
14:59,56,20,19,728,24
15:05,3,40,21,700,24
15:12,10,15,4,579,24
15:13,5,20,4,628,24
15:14,8,11,6,590,24
15:16,48,3,5,892,24
15:18,15,36,6,344,24
15:20,49,22,5,111,8
15:21,3,13,4,437,24
15:22,39,22,5,758,24
15:24,20,22,13,625,24
15:28,50,46,4,567,8
15:29,59,24,21,214,24
15:36,20,13,3,798,24
15:37,39,22,18,89,8
15:43,55,42,5,885,24
15:44,49,47,17,731,24
15:50,52,23,4,668,8
15:51,37,1,4,647,24
15:52,54,14,6,698,8
15:54,26,47,6,290,8
15:56,20,14,9,160,24
15:59,52,31,5,304,6
16:00,68,38,6,795,24
16:02,5,42,5,55,8
16:04,53,45,17,105,8
16:09,14,12,20,82,24
16:16,38,23,4,381,24
16:17,23,10,17,499,24
16:22,57,17,5,243,24
16:24,4,5,6,293,24
16:26,21,50,4,890,24
16:27,22,22,4,693,24
16:28,4,35,6,201,24
16:30,56,33,5,842,24
16:32,34,4,14,799,24
16:36,38,48,6,574,24
16:38,16,13,6,523,24
16:40,68,39,5,624,24
16:42,6,23,14,598,24
16:46,22,48,6,899,24
16:48,11,11,5,670,24
16:50,32,29,5,701,6
16:51,12,39,4,67,8
16:52,66,16,4,732,8
16:54,14,18,5,681,24
16:55,18,20,6,475,8
16:57,32,13,4,438,8
16:58,7,9,5,521,24
17:00,18,46,5,892,24
17:02,62,40,5,62,24
17:03,41,27,4,325,8
17:04,34,31,29,87,24
17:14,68,17,4,625,8
17:15,56,44,10,191,24
17:18,43,40,31,480,24
17:28,4,7,4,318,24
17:29,17,23,6,169,8
17:31,49,49,44,133,24
17:45,43,13,6,387,24
17:47,14,43,15,514,8
17:52,46,48,22,582,24
17:59,63,21,5,433,24
18:00,42,3,19,200,8
18:06,29,46,4,748,24
18:07,17,23,4,77,24
18:09,19,1,3,156,24
18:10,43,14,5,668,8
18:11,51,24,4,896,8
18:12,46,25,4,543,24
18:14,46,45,6,442,8
18:16,40,34,4,129,24
18:17,31,19,6,758,24
18:19,62,49,6,590,8
18:21,7,19,15,618,24
18:25,16,18,12,663,24
18:29,25,36,5,616,8
18:31,6,8,5,195,24
18:32,25,28,4,215,24
18:34,44,45,6,845,24
18:36,41,20,4,541,4
18:37,66,25,6,468,8
18:39,52,24,6,686,8
18:41,3,45,6,679,24
18:43,55,40,5,309,24
18:44,33,37,4,697,6
18:45,7,46,4,568,24
18:47,8,28,4,594,24
18:48,65,5,20,85,24
18:54,6,48,23,236,24
19:02,39,31,4,582,24
19:03,38,21,6,631,6
19:05,25,12,6,338,8
19:07,32,19,58,639,8
19:25,24,33,6,608,8
19:27,46,4,10,30,24
19:30,60,24,4,774,8
19:31,40,25,5,290,8
19:33,46,22,4,742,8
19:34,12,11,5,583,24
19:36,50,44,21,434,24
19:42,70,39,20,216,24
19:49,18,7,5,6,8
19:50,17,48,5,767,8
19:52,29,11,10,735,24
19:55,52,32,6,717,24
19:57,51,46,5,192,8
19:59,46,7,4,820,8
20:00,69,39,5,422,24
20:01,46,11,6,865,24
20:03,49,33,30,352,6
20:13,13,31,5,298,24
20:14,34,12,16,87,8
20:19,41,4,2,843,8
20:20,48,19,6,309,24
20:22,4,21,5,303,24
20:24,59,24,4,107,24
20:25,62,35,5,747,24
20:26,29,10,4,718,24
20:28,9,42,5,454,24
20:29,51,42,5,616,24
20:31,29,27,6,157,24
20:33,29,3,6,198,24
20:35,33,48,4,351,24
20:36,50,25,5,243,24
20:38,59,47,5,580,24
20:39,32,3,17,386,24
20:44,68,50,5,9,24
20:46,66,6,6,282,8
20:48,38,50,4,891,24
20:49,44,50,31,447,24
20:59,59,3,6,100,24
21:01,22,50,18,250,24
21:07,41,26,21,715,4
21:13,66,34,6,642,8
21:15,33,26,22,163,24
21:22,13,50,13,530,24
21:26,64,27,4,363,24
21:28,44,37,2,69,4
21:28,34,15,5,730,24
21:30,65,49,6,380,24
21:32,70,12,4,472,24
21:33,57,13,4,55,24
21:34,21,33,5,395,24
21:36,37,22,2,248,24
21:36,58,7,5,795,8
21:38,39,20,6,829,24
21:40,8,18,5,313,24
21:41,25,28,4,660,24
21:43,33,17,4,628,24
21:44,51,25,5,683,24
21:46,7,21,10,829,24
21:49,26,43,4,524,24
21:50,19,33,6,332,24
21:52,44,27,20,654,24
21:58,2,22,4,520,8
22:00,12,1,5,618,24
22:01,67,28,8,306,24
22:04,36,34,6,815,8
22:06,41,5,38,402,24
22:18,27,21,4,688,24
22:19,23,36,10,340,24
22:22,59,35,5,245,8
22:24,53,23,12,855,8
22:27,33,37,4,650,24
22:29,67,24,5,280,24
22:30,20,12,5,220,24
22:32,63,10,4,399,24
22:33,16,47,5,830,24
22:35,26,41,5,91,24
22:36,48,31,5,420,24
22:38,40,9,12,114,24
22:42,16,32,11,434,24
22:45,20,50,4,651,24
22:46,16,1,6,819,24
22:48,69,32,6,370,24
22:50,43,45,4,640,24
22:51,23,46,5,57,24
22:53,50,29,31,713,24
23:03,24,11,5,487,24
23:04,13,37,6,69,24
23:06,33,46,6,70,24
23:08,53,31,5,769,24
23:10,2,3,5,366,24
23:11,41,28,6,67,24
23:13,66,42,16,753,24
23:18,24,13,6,696,24
23:20,46,34,4,225,24
23:22,52,9,12,692,24
23:25,30,3,12,176,24
