00:02,24,25,5,532,24
00:04,39,31,6,753,4
00:06,38,36,6,572,24
00:09,28,31,4,277,24
00:10,61,19,4,223,24
00:12,30,24,5,559,24
00:14,64,16,2,253,24
00:15,58,7,17,182,24
00:22,47,7,2,132,8
00:23,9,27,6,139,8
00:25,12,29,6,237,8
00:28,16,50,5,407,24
00:30,11,13,4,286,24
00:32,21,38,5,52,24
00:34,64,39,17,238,24
00:41,38,46,6,196,24
00:43,69,44,17,502,24
00:50,16,11,12,313,24
00:55,49,24,5,159,24
00:57,46,5,5,436,8
00:59,22,47,15,557,24
01:06,32,50,6,245,24
01:08,7,42,5,254,24
01:10,42,24,4,859,4
01:12,55,5,18,710,24
01:19,26,16,11,473,24
01:24,23,19,19,174,8
01:32,48,8,6,496,24
01:34,7,19,6,130,24
01:37,46,29,5,82,24
01:39,38,35,4,652,8
01:41,6,36,5,166,24
01:43,13,16,6,413,24
01:45,19,50,6,262,24
01:48,61,48,6,271,24
01:50,6,4,4,325,8
01:52,62,33,6,501,24
01:54,59,25,33,777,8
02:08,52,1,4,513,24
02:10,55,49,6,413,24
02:12,18,1,4,616,8
02:14,29,44,11,66,24
02:19,31,43,4,450,24
02:20,67,31,6,556,24
02:23,15,28,6,16,24
02:25,31,39,4,678,24
02:27,22,50,5,42,24
02:29,55,31,17,478,24
02:36,35,49,6,285,24
02:39,49,8,4,258,24
02:40,42,29,4,733,6
02:42,8,33,5,394,24
02:44,31,5,6,435,24
02:47,65,31,4,147,24
02:48,38,32,19,741,6
02:56,56,12,15,12,24
03:02,8,3,6,170,24
03:05,51,39,4,756,24
03:07,41,35,5,733,24
03:09,32,34,4,215,24
03:10,54,48,22,276,24
03:19,46,5,5,720,24
03:22,53,16,6,846,6
03:24,36,35,4,26,24
03:26,6,47,6,368,24
03:28,33,1,5,674,8
03:30,23,22,4,359,8
03:32,56,11,4,881,24
03:34,17,5,5,111,24
03:36,46,9,5,291,8
03:38,64,37,2,3,24
03:39,70,34,20,615,24
03:47,11,17,5,400,24
03:49,51,33,6,410,24
03:52,30,46,31,227,8
04:04,38,47,4,717,8
04:06,46,36,15,242,8
04:12,69,41,4,273,24
04:14,58,21,6,483,24
04:17,2,6,4,810,24
04:18,38,26,4,307,24
04:20,39,34,5,404,24
04:22,70,41,4,607,24
04:24,69,50,20,649,24
04:32,11,43,5,66,24
04:34,70,32,5,795,24
04:36,50,12,5,320,24
04:38,48,23,17,359,4
04:45,37,23,10,214,8
04:49,44,28,5,57,4
04:52,3,49,5,529,24
04:54,52,50,6,524,24
04:56,11,11,6,516,24
04:59,33,3,4,161,8
05:00,63,15,4,844,24
05:02,50,9,4,688,24
05:04,69,28,5,343,24
05:06,7,43,4,695,24
05:07,25,20,5,17,24
05:09,41,25,18,322,24
05:17,70,31,19,781,24
05:25,14,47,4,224,24
05:27,60,24,4,463,8
05:28,70,31,21,56,24
05:37,23,5,5,354,8
05:39,68,28,5,204,24
05:41,64,16,6,819,24
05:44,69,11,6,34,24
05:46,49,16,5,449,24
05:48,57,32,4,343,24
05:50,34,5,4,464,24
05:52,4,6,4,767,24
05:53,62,40,4,230,24
05:55,56,33,15,484,8
06:01,46,34,5,124,24
06:03,5,25,5,725,24
06:05,33,22,4,516,24
06:07,35,24,5,88,24
06:09,47,15,6,797,24
06:12,11,2,4,400,24
06:13,6,35,21,457,24
06:22,40,20,4,391,8
06:24,32,15,5,541,24
06:26,47,4,5,299,24
06:28,29,49,6,418,24
06:30,13,7,5,824,24
06:32,34,22,11,127,24
06:37,47,27,4,770,6
06:39,22,36,25,583,24
06:49,44,24,4,355,8
06:51,20,37,5,410,24
06:53,61,14,4,620,24
06:54,69,4,14,490,24
07:00,52,28,17,343,24
07:07,36,12,6,214,24
07:10,20,46,6,304,8
07:12,38,45,6,302,8
07:15,13,8,6,696,8
07:17,38,16,6,268,6
07:20,63,22,9,25,24
07:24,62,33,6,723,24
07:26,24,35,4,484,24
07:28,47,21,3,237,8
07:29,40,2,21,560,8
07:38,62,11,49,603,8
07:58,3,25,22,164,24
08:07,25,19,4,620,24
08:09,24,21,6,711,24
08:12,1,23,5,209,24
08:14,65,45,4,646,8
08:15,44,7,4,411,24
08:17,35,35,4,354,8
08:19,9,21,6,889,24
08:21,24,46,6,7,24
08:24,5,16,35,149,8
08:38,12,31,5,888,24
08:40,34,37,5,137,24
08:42,12,18,6,52,24
08:45,44,18,4,39,24
08:47,44,46,6,641,24
08:49,15,16,4,340,24
08:51,54,26,6,751,24
08:53,36,38,19,600,4
09:01,6,5,5,239,24
09:03,35,41,8,12,8
09:07,57,44,6,629,24
09:09,15,36,6,471,24
09:12,31,29,6,439,8
09:14,47,16,4,791,8
09:16,61,10,5,623,8
09:18,65,25,54,582,24
09:40,53,39,4,796,4
09:42,39,37,4,403,24
09:44,4,23,14,172,24
09:49,8,17,5,275,24
09:52,60,38,6,695,24
09:54,9,24,11,252,24
09:59,2,43,4,412,24
10:00,40,8,16,682,24
10:07,46,7,4,387,24
10:09,14,25,8,816,24
10:12,19,2,24,203,24
10:22,39,19,5,811,8
10:24,9,37,18,839,24
10:32,32,4,6,762,24
10:34,28,37,16,582,24
10:41,28,4,6,418,24
10:43,16,42,17,734,24
10:50,29,26,40,259,24
11:07,2,42,4,293,24
11:09,62,16,4,286,24
11:10,55,3,5,29,8
11:12,64,47,4,644,24
11:14,53,1,12,720,8
11:19,54,1,5,94,8
11:21,38,12,6,230,24
11:24,34,19,6,350,24
11:26,25,48,4,787,24
11:28,34,48,12,430,8
11:33,41,8,23,239,24
11:42,55,14,5,547,8
11:44,6,23,4,711,24
11:46,37,22,19,771,24
11:54,62,37,6,215,24
11:57,62,15,4,325,8
11:58,7,29,5,527,8
12:00,67,25,5,662,8
12:02,51,26,5,765,24
12:04,4,3,42,621,24
12:22,46,2,6,632,24
12:24,11,24,15,511,24
12:31,49,27,8,575,4
12:34,30,32,4,337,24
12:36,29,1,5,169,24
12:38,44,26,6,677,24
12:40,51,32,13,451,24
12:46,8,48,11,790,8
12:50,26,27,28,691,24
13:02,33,25,6,803,24
13:04,31,12,18,752,24
13:12,42,29,4,298,4
13:14,38,29,6,106,24
13:16,20,10,4,837,24
13:18,23,10,5,116,8
13:20,9,10,6,132,24
13:22,46,8,6,603,24
13:25,51,47,6,861,24
13:27,43,39,5,309,24
13:29,62,27,6,61,24
13:32,21,31,5,482,8
13:34,4,31,6,408,24
13:37,48,6,10,55,24
13:41,46,21,52,788,8
14:02,68,12,17,740,24
14:09,41,27,4,836,6
14:11,62,7,5,462,24
14:13,8,42,12,363,24
14:18,22,4,5,633,8
14:20,15,21,15,115,24
14:27,22,28,17,422,8
14:34,56,5,4,606,24
14:35,38,32,5,713,24
14:37,11,37,6,156,24
14:40,69,47,6,861,24
14:42,49,23,6,582,6
14:45,32,16,6,285,24
14:47,47,15,6,759,24
14:50,58,36,6,758,24
14:52,18,1,4,40,24
14:54,43,25,6,164,24
14:57,52,8,6,360,8
14:59,25,18,6,222,8
15:02,30,29,4,721,6
15:03,63,44,4,432,24
15:05,7,49,6,540,24
15:07,52,41,21,736,8
15:16,63,47,6,191,24
15:19,13,1,5,585,24
15:21,63,17,5,75,8
15:23,29,49,4,649,24
15:24,2,35,5,398,24
15:27,22,28,5,622,24
15:29,5,6,4,363,24
15:30,48,40,5,665,24
15:32,41,3,5,790,24
15:34,54,19,5,837,24
15:37,47,9,6,142,24
15:39,27,36,5,503,8
15:41,53,39,6,352,6
15:44,51,16,6,21,24
15:46,4,11,5,878,24
15:48,14,9,37,803,8
16:04,2,8,10,565,24
16:08,43,11,5,366,24
16:10,5,13,20,73,8
16:18,3,5,8,326,8
16:22,37,31,4,731,6
16:23,27,10,3,808,8
16:24,50,31,15,64,24
16:31,14,24,5,188,8
16:33,4,49,4,491,24
16:34,28,9,6,731,24
16:37,13,21,15,827,24
16:43,34,13,6,597,24
16:46,56,32,6,859,24
16:48,7,28,6,85,24
16:51,1,43,6,832,24
16:53,55,12,4,446,24
16:55,22,43,4,879,24
16:57,63,8,4,815,8
16:58,20,21,4,694,8
17:00,8,17,6,141,24
17:02,5,37,6,300,8
17:05,33,31,5,465,24
17:07,61,43,4,535,24
17:09,6,15,6,141,24
17:11,68,20,19,735,24
17:19,14,5,6,221,24
17:22,40,38,19,775,24
17:29,28,13,6,873,24
17:32,49,24,4,762,24
17:34,52,24,2,746,8
17:34,5,16,6,672,24
17:37,22,27,6,260,24
17:39,44,31,9,251,24
17:43,70,43,4,743,8
17:45,63,45,49,852,24
18:05,1,28,5,845,24
18:07,23,47,5,819,8
18:09,32,48,6,811,8
18:12,47,12,4,458,24
18:14,34,42,17,113,8
18:21,52,42,6,862,24
18:23,34,34,8,683,24
18:27,20,19,35,294,24
18:41,38,41,5,29,24
18:43,18,39,6,871,24
18:46,44,29,6,718,24
18:48,46,3,5,454,24
18:50,53,21,4,213,24
18:52,50,18,18,495,24
18:59,22,41,4,541,8
19:01,49,28,6,217,8
19:04,18,23,2,676,24
19:04,58,1,4,763,24
19:06,33,49,5,698,24
19:08,14,26,4,144,24
19:10,33,47,15,736,24
19:16,33,31,5,197,24
19:18,12,39,4,310,8
19:20,30,40,4,121,8
19:22,29,28,4,872,24
19:23,5,26,21,594,8
19:32,16,7,22,381,24
19:41,68,9,6,475,24
19:44,48,31,6,735,24
19:46,43,25,6,201,24
19:49,31,20,6,115,6
19:51,16,14,4,634,24
19:53,24,36,11,725,24
19:57,17,21,6,447,8
20:00,50,7,37,359,24
20:15,46,5,3,545,24
20:17,60,9,4,459,24
20:18,5,38,4,847,24
20:20,51,36,4,825,24
20:22,51,42,5,791,24
20:24,46,43,21,23,24
20:32,25,20,5,49,24
20:34,5,37,12,449,24
20:39,46,34,6,298,8
20:42,57,24,5,838,8
20:44,53,21,4,657,24
20:46,11,15,25,896,8
20:56,14,19,5,543,24
20:58,16,44,5,358,24
21:00,47,25,4,718,24
21:02,10,29,5,8,24
21:04,70,9,6,177,24
21:07,16,41,5,430,8
21:09,46,38,6,567,24
21:11,38,10,19,824,24
21:19,25,4,17,360,24
21:26,31,24,4,765,24
21:28,58,46,34,176,24
21:42,21,42,6,3,8
21:44,6,31,35,395,24
21:59,15,25,19,154,24
22:07,14,7,15,509,24
22:13,29,20,4,76,8
22:15,44,36,4,128,24
22:17,69,37,32,352,24
22:30,32,35,4,531,24
22:32,15,10,4,526,24
22:33,27,49,17,435,24
22:40,24,8,6,896,24
22:43,53,36,6,255,6
22:45,42,38,5,458,6
22:47,8,9,6,573,8
22:50,62,2,6,137,8
22:52,37,5,22,244,8
23:02,23,13,4,427,8
23:03,43,41,4,394,8
23:05,17,13,4,289,8
23:07,15,10,1,807,8
23:07,38,24,13,322,6
23:12,40,31,3,203,6
23:14,49,28,5,212,6
23:16,37,31,22,183,6
23:25,51,28,12,576,6
