00:01,25,5,16,861,8
00:05,30,21,19,710,24
00:11,46,50,6,111,24
00:13,46,5,3,70,24
00:14,27,50,6,707,8
00:16,46,25,2,237,24
00:16,23,43,6,57,24
00:18,12,20,4,116,24
00:19,7,20,4,611,24
00:20,63,6,26,672,24
00:28,66,26,24,146,8
00:35,11,11,18,100,8
00:41,49,31,13,783,4
00:45,35,9,20,247,24
00:51,63,20,6,874,24
00:52,46,7,5,871,24
00:54,56,3,6,518,24
00:56,52,26,4,185,8
00:57,51,25,4,593,24
00:58,7,2,6,414,24
01:00,38,9,5,245,8
01:01,61,45,5,678,8
01:03,64,33,4,583,24
01:04,39,22,4,847,6
01:05,30,31,5,743,6
01:07,62,1,6,653,24
01:09,19,4,18,454,24
01:14,46,18,5,15,24
01:16,63,1,6,456,8
01:17,10,42,4,305,24
01:19,16,27,5,684,8
01:20,24,44,16,380,8
01:25,31,10,6,480,24
01:27,5,1,6,833,24
01:28,4,4,6,536,24
01:30,42,46,5,666,8
01:32,68,14,5,382,24
01:33,25,7,5,154,24
01:35,50,24,4,724,8
01:36,66,25,42,56,8
01:49,39,50,6,621,24
01:50,44,26,12,498,24
01:54,57,27,4,29,24
01:55,41,31,4,114,8
01:56,46,28,6,376,24
01:58,53,37,13,85,6
02:02,67,33,5,317,8
02:04,21,49,4,75,8
02:05,20,9,5,795,8
02:06,28,31,37,446,24
02:17,31,1,4,42,24
02:19,33,4,30,370,8
02:28,37,7,16,427,8
02:32,49,45,13,171,24
02:36,49,23,4,697,24
02:37,1,41,12,128,24
02:41,5,11,15,264,8
02:46,10,38,4,38,8
02:47,47,3,4,663,24
02:48,53,6,6,113,24
02:50,28,12,5,633,24
02:51,4,16,3,308,24
02:52,39,22,6,351,24
02:54,26,40,4,735,24
02:55,22,11,18,431,24
03:01,2,9,6,45,24
03:02,44,3,31,889,24
03:12,57,33,4,854,8
03:13,63,41,4,90,24
03:14,22,15,4,868,24
03:15,10,45,11,278,24
03:19,49,44,6,734,24
03:20,32,9,5,828,8
03:22,58,29,19,462,8
03:28,24,26,5,468,24
03:29,16,20,10,580,8
03:32,2,50,6,664,8
03:34,33,28,49,446,8
03:49,60,40,5,690,24
03:50,46,17,6,806,24
03:52,40,19,5,49,24
03:53,1,20,5,673,24
03:55,22,35,5,374,8
03:56,30,47,15,301,8
04:01,57,39,6,506,24
04:03,25,45,12,358,24
04:06,68,7,28,633,24
04:15,21,6,6,184,24
04:16,53,3,5,821,24
04:18,53,26,5,568,24
04:19,47,2,4,232,24
04:21,9,9,4,401,24
04:22,9,41,4,770,24
04:23,9,49,5,745,24
04:25,60,37,4,235,24
04:26,26,40,4,460,24
04:27,34,3,5,508,8
04:28,29,18,6,583,24
04:30,28,34,4,803,24
04:31,46,24,6,505,24
04:33,62,1,16,417,24
04:38,3,15,6,780,24
04:40,24,42,5,534,24
04:41,6,20,6,94,8
04:43,18,31,4,552,24
04:44,58,13,22,833,8
04:51,51,26,5,508,24
04:52,33,13,6,95,24
04:54,15,37,21,416,24
05:01,56,37,6,128,8
05:02,41,26,19,326,24
05:08,9,41,4,339,24
05:09,8,22,4,500,24
05:10,37,27,5,453,6
05:12,69,11,19,817,24
05:18,11,40,4,663,24
05:19,6,16,5,882,24
05:20,69,29,5,502,24
05:22,41,20,4,861,6
05:23,11,24,6,659,24
05:25,14,41,5,655,24
05:26,49,26,5,333,24
05:28,56,22,6,193,24
05:30,69,37,5,234,24
05:31,25,44,37,620,24
05:42,46,10,6,48,24
05:44,29,3,19,115,8
05:50,65,10,4,192,24
05:51,1,3,6,805,8
05:53,14,39,4,88,24
05:54,26,7,12,794,24
05:58,26,22,5,23,24
05:59,11,31,5,551,24
06:01,55,47,6,297,24
06:02,32,3,6,799,8
06:04,4,29,4,859,24
06:05,12,38,4,459,24
06:07,33,47,5,671,24
06:08,4,2,6,617,24
06:10,13,17,4,176,24
06:11,23,25,4,195,8
06:12,65,38,5,24,8
06:14,48,15,4,290,24
06:15,40,14,6,194,8
06:17,42,5,5,894,8
06:18,29,36,47,762,8
06:32,1,48,4,524,24
06:34,34,38,5,176,6
06:35,13,36,6,731,24
06:37,18,21,6,233,24
06:39,54,3,5,410,24
06:40,22,1,5,55,8
06:42,39,38,53,481,24
06:58,51,39,5,455,4
06:59,70,19,5,190,8
07:01,16,43,5,350,8
07:02,29,33,4,42,24
07:03,60,37,16,509,24
07:08,66,8,6,784,24
07:10,17,7,6,895,24
07:12,31,19,6,529,24
07:13,48,4,11,547,24
07:17,30,5,4,101,24
07:18,28,7,15,638,24
07:22,19,39,5,254,24
07:24,37,45,4,816,24
07:25,59,46,4,508,24
07:26,51,25,4,576,24
07:28,10,39,4,289,24
07:29,12,21,4,486,24
07:30,5,29,4,61,24
07:31,8,1,21,780,24
07:37,46,17,27,887,24
07:46,26,13,6,86,24
07:47,42,47,5,595,8
07:49,16,15,6,356,8
07:51,42,13,5,195,24
07:52,12,26,6,648,24
07:54,11,32,5,694,24
07:55,62,44,4,878,24
07:57,59,27,5,900,24
07:58,46,44,19,129,24
08:04,70,41,2,7,8
08:04,16,31,18,103,24
08:10,1,37,4,823,24
08:11,21,33,10,790,24
08:14,32,48,20,619,24
08:20,59,1,6,731,8
08:22,24,35,4,701,24
08:23,11,15,6,72,24
08:25,10,25,5,284,8
08:26,39,28,22,729,4
08:33,42,17,6,825,24
08:35,29,24,4,131,8
08:36,46,21,5,101,24
08:37,49,19,6,828,8
08:39,58,6,6,784,24
08:41,20,37,5,225,8
08:43,68,36,4,873,24
08:44,7,28,19,545,24
08:49,2,14,4,125,24
08:51,31,6,5,610,24
08:52,67,14,6,125,24
08:54,39,7,5,870,8
08:55,39,6,6,725,24
08:57,47,19,4,544,8
08:58,53,43,5,782,24
09:00,14,9,5,43,24
09:01,36,14,5,710,24
09:03,14,19,6,311,24
09:05,32,36,4,501,8
09:06,32,49,8,306,8
09:08,58,8,6,114,24
09:10,31,43,4,788,24
09:11,52,15,5,820,6
09:13,68,35,13,334,24
09:17,47,28,8,531,24
09:19,27,31,5,124,8
09:21,70,31,4,14,24
09:22,57,33,5,609,24
09:23,32,10,5,27,24
09:25,14,4,6,800,24
09:27,42,31,4,532,24
09:28,57,22,14,484,24
09:32,5,31,53,83,24
09:48,33,34,19,428,24
09:54,52,35,4,844,8
09:55,41,26,4,576,4
09:56,27,27,5,766,24
09:58,42,20,4,706,4
09:59,4,10,6,272,8
10:01,47,18,16,621,24
10:05,42,27,4,197,24
10:07,62,49,22,37,24
10:13,43,9,5,237,24
10:15,40,26,6,555,24
10:16,38,23,4,688,6
10:18,39,11,5,47,8
10:19,27,2,5,71,24
10:21,47,12,6,438,8
10:22,58,22,4,799,24
10:24,66,22,6,213,24
10:25,14,32,2,642,8
10:26,23,24,4,142,24
10:27,22,28,6,590,24
10:29,62,21,9,512,24
10:32,52,47,6,835,24
10:34,62,10,10,442,24
10:37,2,50,5,583,24
10:38,30,15,34,56,24
10:48,10,39,4,168,24
10:49,17,5,4,74,24
10:51,62,48,6,409,8
10:52,58,26,5,687,24
10:54,14,14,17,833,8
10:59,63,48,5,740,8
11:01,17,50,17,233,24
11:06,30,15,22,597,24
11:12,9,45,5,799,24
11:14,42,32,10,201,6
11:17,48,45,17,355,24
11:22,8,35,5,550,24
11:23,35,16,21,81,24
11:30,50,12,5,767,8
11:31,35,17,6,23,24
11:33,24,35,4,492,24
11:34,46,21,6,769,24
11:36,55,22,4,886,8
11:37,58,36,15,57,24
11:42,64,17,17,599,8
11:47,51,25,4,141,6
11:48,41,29,5,454,6
11:49,51,43,4,814,8
11:51,19,1,6,446,8
11:52,16,23,5,610,24
11:54,52,29,20,599,24
12:00,15,50,48,329,24
12:14,32,26,5,716,24
12:16,46,9,41,588,8
12:28,20,5,21,826,24
12:34,62,31,13,391,24
12:38,57,35,6,34,8
12:40,12,49,5,113,24
12:42,25,17,19,172,8
12:47,64,34,4,33,24
12:49,2,7,6,205,24
12:50,64,26,4,855,24
12:52,56,13,6,100,24
12:53,11,2,5,608,8
12:55,33,9,6,101,24
12:57,34,47,4,379,24
12:58,51,3,6,802,24
13:00,15,43,15,685,24
13:04,61,43,4,302,8
13:05,50,38,5,883,24
13:07,31,39,57,899,24
13:24,50,13,5,685,24
13:25,24,22,16,475,24
13:30,14,2,8,321,8
13:33,55,18,5,90,24
13:34,18,9,55,405,24
13:51,61,32,20,181,24
13:57,55,36,6,873,8
13:58,9,15,12,10,8
14:02,43,48,6,513,24
14:04,2,6,5,475,24
14:05,46,36,5,522,24
14:07,56,17,58,144,24
14:24,44,32,5,126,24
14:26,65,39,6,266,24
14:28,70,42,4,673,24
14:29,2,35,8,776,24
14:31,58,47,46,34,24
14:45,39,11,4,216,24
14:46,14,19,5,203,24
14:48,49,50,4,58,24
14:49,53,36,19,201,6
14:55,28,3,5,259,24
14:56,10,34,20,834,24
15:02,34,16,4,613,6
15:03,13,21,5,343,24
15:05,38,33,4,849,4
15:06,60,31,4,169,24
15:07,36,5,6,641,24
15:09,55,17,4,267,24
15:10,61,8,5,815,24
15:12,18,3,6,559,8
15:13,37,38,6,370,8
15:15,35,6,4,492,24
15:16,59,31,6,96,8
15:18,43,25,4,302,4
15:19,42,38,13,125,4
15:23,8,47,12,188,24
15:27,40,20,6,550,24
15:29,4,32,5,766,24
15:30,38,41,3,772,24
15:31,16,24,4,60,8
15:32,40,43,5,554,24
15:34,31,29,6,9,24
15:36,2,29,14,740,8
15:40,46,20,11,293,8
15:43,32,31,4,125,24
15:44,22,25,16,745,24
15:49,13,21,4,629,24
15:50,65,50,5,527,24
15:52,4,36,21,548,24
15:58,48,24,4,524,24
15:59,5,12,4,463,24
16:01,14,33,22,404,8
16:07,37,39,4,517,8
16:08,1,16,4,13,24
16:10,53,9,5,727,24
16:11,14,17,4,253,24
16:12,24,23,5,331,8
16:14,13,40,5,856,24
16:15,51,23,4,85,8
16:16,13,49,5,881,24
16:18,46,20,4,107,24
16:19,25,2,6,54,24
16:21,53,24,6,593,8
16:23,25,18,42,649,24
16:35,50,29,18,612,24
16:41,24,36,10,644,8
16:44,10,20,15,103,24
16:48,51,19,6,85,24
16:50,53,38,6,631,4
16:52,37,18,31,255,24
17:01,26,31,33,722,8
17:11,51,15,6,276,24
17:13,9,13,9,263,24
17:16,20,6,4,488,24
17:17,11,6,4,779,24
17:18,24,7,4,533,24
17:19,35,17,5,875,24
17:21,44,10,6,228,24
17:22,57,41,5,101,24
17:24,35,15,4,518,8
17:25,58,47,5,29,24
17:27,63,41,4,779,24
17:28,48,37,18,582,24
17:33,43,37,4,295,24
17:34,48,4,4,355,24
17:36,8,39,4,578,24
17:37,54,20,6,10,24
17:39,63,25,11,214,8
17:42,12,42,21,606,24
17:48,1,47,15,472,24
17:53,32,12,50,774,24
18:08,58,44,5,166,24
18:09,53,41,6,56,24
18:11,9,10,6,563,24
18:13,27,31,4,834,24
18:14,53,50,5,571,8
18:16,36,11,11,456,24
18:19,36,15,5,578,24
18:20,18,34,5,194,24
18:22,41,36,4,566,24
18:23,52,43,9,347,24
18:26,23,33,6,463,24
18:28,48,15,5,192,24
18:29,26,14,6,305,24
18:31,10,7,16,765,24
18:36,43,9,4,333,24
18:37,31,23,12,749,6
18:40,18,14,6,148,24
18:42,22,15,6,480,24
18:44,38,23,6,29,8
18:46,62,38,21,29,24
18:52,4,4,5,115,24
18:54,5,4,5,33,24
18:55,35,48,6,14,24
18:57,60,21,5,450,24
18:58,22,17,4,301,24
19:00,3,10,15,263,24
19:04,14,31,10,300,24
19:07,26,29,5,328,24
19:09,3,28,5,704,24
19:10,43,42,9,728,24
19:13,30,1,15,52,24
19:17,66,17,17,570,24
19:22,40,25,5,565,24
19:24,22,3,6,280,8
19:26,67,39,4,640,24
19:27,23,2,5,301,24
19:28,17,46,5,863,24
19:30,23,10,8,729,24
19:32,62,18,13,58,24
19:36,42,35,5,93,4
19:38,43,3,54,407,24
19:54,63,37,4,849,24
19:55,33,21,5,186,24
19:57,65,31,15,648,24
20:01,15,1,4,413,24
20:02,52,40,4,692,24
20:04,62,43,6,307,24
20:05,21,28,4,777,24
20:07,51,21,13,258,4
20:10,61,17,10,252,24
20:13,30,31,6,392,24
20:15,44,24,42,259,24
20:28,35,29,22,220,6
20:34,51,44,6,296,24
20:36,28,38,5,772,24
20:38,26,20,5,863,24
20:39,42,20,5,350,24
20:41,5,19,4,268,24
20:42,16,31,6,576,8
20:44,69,1,17,875,24
20:49,47,25,10,764,24
20:52,27,20,6,187,24
20:54,1,37,5,89,24
20:55,44,44,5,61,24
20:57,33,17,4,681,24
20:58,17,9,6,222,8
21:00,70,32,11,632,8
21:03,59,33,8,415,24
21:05,39,34,11,40,6
21:09,9,19,5,142,24
21:10,12,46,5,662,24
21:12,30,44,5,30,24
21:13,2,19,4,296,24
21:14,11,49,9,62,24
21:17,5,41,4,393,24
21:18,68,48,5,834,24
21:20,36,50,23,710,24
21:27,50,31,4,849,24
21:28,22,48,4,154,8
21:29,52,12,4,427,24
21:30,17,27,6,376,24
21:32,20,49,5,244,8
21:34,46,25,23,19,6
21:40,38,31,26,751,6
21:48,24,20,5,456,24
21:50,58,25,6,809,24
21:52,46,45,4,800,24
21:53,19,8,4,69,24
21:54,47,1,4,713,24
21:55,36,21,18,703,24
22:01,59,35,5,46,24
22:02,23,43,14,612,24
22:06,7,23,4,597,8
22:07,21,5,6,362,24
22:09,55,2,5,823,24
22:11,27,28,21,886,24
22:17,2,29,4,482,24
22:18,27,21,6,42,24
22:20,62,31,5,394,24
22:22,17,4,4,669,24
22:23,25,39,6,771,24
22:25,22,38,4,114,24
22:26,19,50,5,756,24
22:27,31,25,4,644,24
22:28,3,31,4,402,24
22:30,57,47,3,269,8
22:31,14,29,6,732,8
22:32,40,40,4,80,8
22:34,60,21,4,318,8
22:35,50,32,5,141,6
22:36,51,36,6,256,8
22:38,25,14,6,666,8
22:40,48,43,32,148,8
22:49,4,2,6,190,8
22:51,49,20,6,759,8
22:53,46,10,4,823,8
22:54,47,27,6,218,8
22:56,60,31,30,119,8
23:05,17,31,4,597,8
23:06,1,3,19,218,8
23:12,21,7,5,407,8
23:13,38,44,11,667,8
23:17,46,32,6,90,8
23:19,34,3,5,526,8
