00:03,63,34,6,451,24
00:07,3,20,5,744,24
00:10,56,43,2,147,24
00:11,58,48,5,790,24
00:15,9,40,5,537,24
00:18,32,31,4,884,24
00:21,52,27,11,585,24
00:28,32,9,6,316,24
00:32,12,7,12,606,24
00:40,35,19,4,328,8
00:43,23,38,11,10,24
00:50,66,9,5,601,24
00:53,25,5,16,481,24
01:04,14,17,21,638,24
01:18,52,50,5,865,24
01:21,22,7,16,602,24
01:32,33,1,4,153,8
01:35,63,36,6,382,24
01:39,69,16,16,447,24
01:49,52,38,4,880,6
01:52,65,28,28,527,24
02:11,36,38,5,852,24
02:14,13,8,4,277,24
02:17,24,15,5,661,24
02:20,28,14,5,270,24
02:23,12,27,4,678,24
02:26,23,24,4,562,8
02:29,55,2,4,890,24
02:31,8,25,24,780,24
02:47,68,15,4,48,24
02:50,69,37,14,664,24
02:59,12,41,6,156,24
03:03,46,9,4,549,24
03:06,29,2,54,611,24
03:42,13,37,4,278,8
03:45,13,34,4,829,8
03:47,70,7,6,466,24
03:51,35,31,4,44,4
03:54,65,45,5,33,24
03:57,49,3,5,778,8
04:01,66,6,14,237,24
04:10,35,13,6,326,24
04:14,70,27,29,363,8
04:33,43,34,4,564,24
04:36,62,47,4,600,24
04:39,53,31,3,329,24
04:41,40,20,20,688,4
04:54,11,14,3,844,24
04:56,58,7,4,163,24
04:59,21,12,5,501,24
05:02,23,19,6,199,24
05:06,32,16,5,885,24
05:09,46,35,5,331,24
05:13,29,42,21,6,8
05:27,37,47,4,703,24
05:29,61,33,6,663,24
05:33,37,49,5,247,24
05:37,18,21,6,299,24
05:41,11,36,4,407,24
05:43,29,31,4,310,24
05:46,24,18,6,27,24
05:50,50,43,5,160,24
05:53,65,46,36,178,8
06:17,20,6,17,433,8
06:29,24,6,4,295,24
06:31,8,16,6,385,24
06:35,6,40,41,415,8
07:03,42,13,6,382,24
07:07,4,47,5,717,24
07:10,40,49,5,822,24
07:13,33,5,21,255,24
07:27,63,23,46,295,24
07:58,17,22,6,799,24
08:02,36,15,5,287,8
08:05,37,4,19,309,24
08:18,64,37,19,871,24
08:31,55,47,3,306,24
08:33,35,32,6,163,6
08:37,68,50,6,441,8
08:41,23,31,5,438,8
08:44,53,20,4,430,8
08:47,51,20,6,790,8
08:51,10,31,4,430,8
08:53,67,32,4,791,24
08:56,27,34,5,245,24
08:59,29,8,4,730,24
09:02,41,28,6,846,6
09:06,60,36,15,312,24
09:16,62,34,6,556,24
09:20,29,20,12,365,8
09:28,46,47,4,529,24
09:31,53,6,4,471,8
09:33,30,31,4,252,24
09:36,35,42,16,374,24
09:47,10,24,4,753,8
09:49,30,41,4,471,24
09:52,6,2,15,157,8
10:02,4,39,4,623,24
10:05,57,35,6,96,24
10:09,48,15,5,639,24
10:12,22,48,33,595,24
10:34,14,35,5,334,24
10:37,61,49,5,491,24
10:41,7,47,47,591,24
11:12,43,7,11,840,8
11:19,57,19,5,757,8
11:23,14,12,6,782,24
11:27,28,7,4,294,24
11:29,14,32,16,399,8
11:40,8,24,41,521,24
12:07,58,31,4,191,24
12:10,50,29,5,513,6
12:13,42,33,4,299,4
12:16,25,48,5,676,24
12:19,21,31,4,608,8
12:22,59,7,6,889,24
12:26,35,26,12,827,8
12:34,40,31,16,603,24
12:45,44,47,19,46,24
12:57,1,14,4,481,24
13:00,1,8,4,67,24
13:03,13,43,4,809,24
13:05,63,32,5,521,24
13:09,23,23,16,661,24
13:19,3,35,5,386,8
13:23,66,25,52,729,24
13:57,33,9,5,568,24
14:01,8,14,17,31,8
14:12,6,19,21,828,24
14:26,48,47,6,867,24
14:30,33,49,16,647,24
14:41,59,8,4,445,24
14:43,9,22,6,80,24
14:47,55,24,6,312,24
14:51,5,24,4,677,24
14:54,41,44,3,353,24
14:56,1,23,15,710,24
15:06,41,19,6,667,6
15:10,25,4,6,643,24
15:14,13,6,5,796,24
15:17,30,13,4,73,24
15:20,65,25,6,472,24
15:24,23,40,4,776,24
15:27,21,7,5,467,24
15:30,10,43,4,622,24
15:33,19,26,5,488,24
15:36,38,45,5,18,24
15:39,13,38,4,742,24
15:42,14,14,6,459,24
15:46,25,50,22,475,24
16:01,70,44,5,268,24
16:04,62,43,4,756,8
16:07,41,49,4,565,24
16:09,50,31,22,770,24
16:24,69,5,6,33,8
16:28,7,14,6,373,8
16:32,61,6,4,861,24
16:35,27,2,5,531,8
16:38,67,43,44,479,8
17:07,27,11,6,44,24
17:11,67,19,4,695,8
17:14,32,33,6,877,24
17:18,63,49,6,864,24
17:22,3,20,5,755,24
17:25,25,43,6,239,24
17:29,64,32,6,497,24
17:33,8,20,6,47,24
17:37,28,7,5,354,24
17:41,14,31,6,827,24
17:45,50,17,4,424,24
17:47,60,7,20,690,24
18:01,64,33,4,771,24
18:03,3,9,5,150,8
18:07,22,44,4,889,24
18:09,67,27,4,814,24
18:12,34,39,6,361,24
18:16,51,44,4,409,24
18:19,68,31,4,729,8
18:21,57,44,5,234,24
18:25,14,17,6,379,8
18:29,16,43,6,565,24
18:33,51,24,23,160,24
18:48,48,28,5,94,24
18:51,12,16,4,645,24
18:54,57,24,4,621,24
18:57,49,39,14,149,4
19:06,24,26,4,727,24
19:09,50,34,11,379,24
19:16,56,41,17,503,24
19:27,44,23,6,899,24
19:31,18,27,4,743,24
19:34,21,42,22,227,24
19:49,12,35,4,589,24
19:51,3,40,4,784,24
19:54,35,44,4,388,24
19:57,65,41,18,849,24
20:09,18,49,4,847,24
20:11,46,7,6,164,24
20:15,48,37,6,24,24
20:19,54,2,4,375,24
20:22,46,29,16,109,24
20:33,16,37,5,737,8
20:36,22,3,6,472,24
20:40,13,31,19,81,24
20:53,47,24,5,44,24
20:56,61,8,6,487,24
21:00,65,21,18,319,8
21:12,38,24,5,341,8
21:15,43,42,6,266,24
21:19,41,4,4,287,24
21:22,19,38,6,726,24
21:26,51,35,6,422,24
21:30,34,27,6,448,24
21:34,40,24,5,320,24
21:37,11,31,37,518,24
22:02,21,41,4,72,8
22:05,35,44,5,730,8
22:08,29,40,4,524,8
22:11,5,18,4,106,8
22:13,24,37,5,159,8
22:17,3,6,6,588,8
22:21,16,22,4,296,8
22:23,26,26,6,642,8
22:27,60,50,4,29,8
22:30,68,45,6,276,8
22:34,60,50,5,660,8
22:37,20,9,5,216,8
22:41,12,13,9,856,8
22:47,13,11,6,872,8
22:51,66,47,22,577,8
23:05,31,16,4,873,6
23:08,46,39,46,444,6
23:39,52,35,6,232,6
23:43,32,39,2,707,6
