00:01,70,39,15,12,24
00:05,50,12,5,264,24
00:06,46,27,5,566,8
00:08,57,9,4,268,24
00:09,5,49,36,70,24
00:19,27,29,13,289,24
00:23,54,38,16,720,24
00:27,34,16,5,512,8
00:29,1,13,10,91,24
00:31,52,21,19,332,24
00:37,44,34,15,602,24
00:41,10,45,5,576,8
00:42,32,4,5,107,8
00:44,46,21,5,680,4
00:45,54,36,6,354,24
00:47,32,7,4,391,24
00:48,61,32,11,776,8
00:51,44,43,8,239,24
00:53,66,48,11,29,8
00:57,32,39,8,140,24
00:59,54,17,22,887,8
01:05,34,45,5,642,24
01:07,43,38,6,92,24
01:08,13,27,6,257,24
01:10,4,15,6,118,24
01:12,29,13,4,634,24
01:13,15,31,4,801,24
01:14,4,33,10,268,24
01:17,33,38,5,562,24
01:18,4,20,18,467,24
01:23,47,7,6,754,8
01:25,57,10,6,316,24
01:27,27,47,5,248,24
01:28,37,38,6,185,4
01:30,29,5,16,695,8
01:34,22,37,4,255,8
01:35,62,36,4,490,24
01:37,25,7,4,678,24
01:38,3,26,21,562,24
01:44,37,1,5,40,24
01:45,60,32,5,30,24
01:46,50,28,14,212,6
01:50,46,32,6,316,24
01:52,49,37,6,672,24
01:54,23,33,4,715,24
01:55,44,12,20,121,8
02:01,51,42,5,108,24
02:02,2,33,49,550,24
02:16,5,37,5,106,24
02:17,69,8,4,693,8
02:18,3,2,5,665,24
02:20,49,35,24,681,24
02:27,15,29,4,632,24
02:28,3,25,4,648,24
02:29,58,27,5,894,24
02:30,17,45,6,343,24
02:32,69,49,14,131,24
02:36,49,10,5,158,24
02:37,52,36,6,283,4
02:39,47,31,58,263,24
02:56,61,3,6,764,24
02:57,10,8,42,377,24
03:09,48,31,6,399,24
03:11,24,22,5,538,24
03:12,69,13,17,548,24
03:17,17,29,5,84,24
03:19,11,43,46,715,24
03:32,31,44,5,267,24
03:33,33,5,6,525,24
03:35,48,31,6,708,8
03:36,14,49,5,727,24
03:38,69,45,17,637,8
03:43,24,33,5,352,24
03:44,61,14,5,733,24
03:45,49,31,4,586,8
03:47,30,46,5,469,24
03:48,32,37,6,367,24
03:50,64,46,5,443,24
03:51,46,16,4,561,24
03:52,59,35,17,507,24
03:57,58,17,6,871,8
03:59,65,28,19,188,8
04:04,3,19,6,532,8
04:06,16,8,23,320,24
04:12,57,12,4,809,24
04:14,8,1,4,451,24
04:15,53,7,5,240,24
04:16,21,4,6,527,24
04:18,49,14,6,290,24
04:19,34,17,4,828,24
04:21,70,21,11,71,24
04:24,63,32,48,447,24
04:37,65,46,6,801,24
04:39,63,18,4,118,24
04:40,36,24,4,37,4
04:41,43,28,5,851,8
04:43,43,36,4,776,24
04:44,63,16,4,729,8
04:45,23,31,18,743,8
04:50,62,5,6,24,24
04:52,68,40,6,488,8
04:53,46,17,5,452,8
04:55,21,4,6,629,8
04:57,67,44,4,779,24
04:58,34,5,15,595,24
05:02,29,15,5,520,24
05:03,9,24,4,167,24
05:05,41,13,5,609,24
05:06,68,27,5,10,8
05:07,7,40,11,559,24
05:10,40,47,5,617,24
05:12,9,34,6,178,8
05:14,64,28,5,97,8
05:15,43,2,16,625,24
05:20,20,32,4,268,24
05:21,55,44,6,378,24
05:22,36,35,4,667,24
05:24,43,47,15,668,24
05:28,70,27,27,128,8
05:35,21,31,4,319,24
05:37,30,46,4,513,24
05:38,26,49,6,736,8
05:39,64,35,5,577,8
05:41,4,14,22,141,24
05:47,67,17,6,166,8
05:49,30,4,8,430,24
05:51,9,45,6,398,24
05:53,28,38,3,198,24
05:54,41,5,17,678,24
05:58,33,5,4,472,8
05:59,4,20,17,723,24
06:04,38,40,10,649,8
06:07,60,47,6,456,8
06:09,28,3,5,485,24
06:10,42,17,4,761,24
06:11,47,20,4,612,24
06:13,69,37,6,193,24
06:14,59,17,6,783,24
06:16,42,29,6,727,4
06:18,27,5,6,752,24
06:19,67,26,2,285,24
06:20,18,33,4,774,24
06:21,56,3,6,529,24
06:23,15,15,4,641,24
06:24,15,16,4,735,24
06:25,68,3,6,185,24
06:27,36,50,4,295,24
06:28,30,35,18,217,24
06:33,62,23,6,388,24
06:35,33,12,6,379,24
06:36,36,22,6,785,24
06:38,37,50,4,504,24
06:39,18,24,5,359,24
06:41,59,26,57,805,24
06:57,54,18,22,535,24
07:03,53,13,4,624,24
07:04,39,29,6,863,8
07:06,25,28,5,84,24
07:07,63,21,10,531,24
07:10,4,4,6,409,8
07:12,20,25,6,735,24
07:13,10,11,20,810,8
07:19,68,29,6,184,24
07:21,7,8,4,571,24
07:22,51,44,5,679,24
07:23,48,28,3,622,8
07:24,43,32,5,819,24
07:26,35,13,5,381,8
07:27,8,39,14,354,24
07:31,59,32,6,210,24
07:33,64,28,5,150,24
07:34,9,32,5,50,24
07:36,39,44,6,610,24
07:37,27,4,5,207,8
07:39,42,31,12,692,24
07:42,48,10,21,672,8
07:48,31,40,12,496,24
07:51,33,27,5,241,24
07:53,4,1,15,721,24
07:57,23,32,5,808,24
07:58,64,10,5,166,24
08:00,59,44,4,506,24
08:01,41,44,6,452,8
08:03,34,28,6,34,8
08:04,50,12,4,271,24
08:06,16,45,4,658,24
08:07,47,26,52,291,24
08:21,12,37,6,695,24
08:23,59,26,4,247,24
08:24,31,8,4,578,24
08:25,36,22,40,799,8
08:37,59,37,6,580,24
08:38,15,5,5,750,24
08:40,30,46,6,140,8
08:42,35,35,4,838,24
08:43,61,50,5,862,24
08:44,43,50,4,765,24
08:45,1,28,5,347,24
08:47,54,33,13,368,4
08:50,17,16,22,298,24
08:57,14,6,6,49,24
08:58,26,14,5,702,8
09:00,16,9,4,67,24
09:01,55,18,9,233,8
09:03,29,39,6,185,24
09:05,53,32,2,431,4
09:06,7,31,5,101,24
09:07,43,38,4,652,8
09:08,46,40,4,114,24
09:09,46,48,5,286,24
09:11,68,39,35,769,24
09:21,61,36,5,611,24
09:22,46,15,4,271,24
09:23,26,35,12,421,24
09:27,54,28,4,218,24
09:28,46,17,14,683,6
09:32,11,29,6,745,24
09:33,39,25,6,816,4
09:35,69,13,6,97,24
09:37,33,31,18,578,6
09:42,35,5,6,678,24
09:44,57,12,6,717,8
09:45,61,46,4,85,24
09:46,5,31,4,816,24
09:48,29,5,2,652,24
09:48,48,44,15,419,24
09:52,41,48,21,39,24
09:58,28,12,6,237,8
10:00,46,29,4,501,24
10:01,67,2,15,760,24
10:05,19,31,6,587,24
10:07,25,35,5,800,24
10:09,62,28,4,398,24
10:10,16,9,4,169,8
10:11,38,34,4,823,24
10:12,25,36,5,717,24
10:13,29,18,4,766,24
10:14,48,3,5,180,24
10:16,58,15,6,432,24
10:18,31,36,5,408,8
10:19,46,5,5,307,24
10:20,36,46,4,730,24
10:22,31,35,4,747,24
10:23,44,15,6,234,24
10:24,52,38,17,582,6
10:29,30,12,5,253,8
10:31,29,44,6,290,24
10:32,20,34,20,241,8
10:38,1,25,20,129,24
10:44,42,3,6,386,8
10:45,26,42,4,757,24
10:47,56,15,4,109,24
10:48,25,16,19,34,8
10:53,44,15,22,19,24
10:59,55,7,18,526,24
11:04,70,50,6,136,8
11:06,47,10,5,512,24
11:07,13,45,3,677,8
11:08,49,49,19,518,24
11:14,5,35,5,665,24
11:15,5,41,5,595,8
11:17,11,34,5,446,24
11:18,56,34,4,507,24
11:19,54,29,5,666,24
11:21,27,1,6,742,8
11:22,20,13,12,513,24
11:26,32,31,17,245,24
11:30,53,23,14,528,24
11:34,7,24,5,654,8
11:36,68,7,5,496,24
11:37,62,21,16,846,8
11:42,8,8,4,484,24
11:43,43,5,5,542,24
11:44,44,32,13,535,8
11:48,35,9,5,247,24
11:49,70,39,6,838,24
11:51,40,25,6,631,24
11:53,47,15,6,109,24
11:55,60,42,5,856,8
11:56,39,29,6,115,24
11:58,62,20,41,720,24
12:09,46,38,17,624,4
12:14,39,33,19,560,24
12:19,53,27,6,413,6
12:21,19,25,16,309,8
12:26,46,2,6,358,24
12:27,10,5,4,104,24
12:29,43,22,38,608,24
12:39,38,36,4,626,6
12:40,11,48,44,704,24
12:53,46,15,19,324,24
12:58,21,14,5,697,24
13:00,11,14,4,303,24
13:01,66,24,4,136,24
13:02,35,49,8,779,24
13:04,11,20,5,864,24
13:06,31,48,5,399,24
13:07,14,46,11,381,24
13:10,49,41,4,312,8
13:11,63,36,16,516,8
13:16,34,45,6,868,24
13:18,32,41,4,646,24
13:19,68,20,6,849,8
13:20,68,24,6,708,24
13:22,37,49,6,103,24
13:24,10,16,22,277,8
13:30,39,23,5,109,4
13:31,32,41,6,329,24
13:33,20,37,6,135,24
13:35,49,23,4,813,24
13:36,32,42,33,488,24
13:45,21,46,4,97,8
13:46,15,48,5,496,8
13:48,10,13,15,270,24
13:52,4,1,5,841,24
13:54,36,42,4,261,24
13:55,53,15,6,814,24
13:56,21,29,20,354,24
14:02,63,18,5,425,24
14:03,11,25,21,720,8
14:09,49,14,41,534,24
14:21,70,24,55,268,8
14:37,40,44,5,223,8
14:38,32,7,19,132,24
14:43,12,28,5,334,8
14:45,4,25,6,215,24
14:46,48,35,21,228,24
14:52,68,36,6,707,24
14:54,36,13,4,143,24
14:55,60,19,4,569,8
14:56,60,36,5,655,24
14:58,50,48,4,444,24
14:59,7,7,5,812,24
15:00,41,20,4,239,4
15:02,11,22,4,339,8
15:03,5,21,22,192,24
15:09,27,6,4,791,24
15:10,25,43,4,182,24
15:11,9,28,4,458,24
15:12,19,8,12,606,8
15:16,46,47,4,424,24
15:17,5,25,5,141,24
15:18,38,31,6,643,24
15:20,10,35,6,860,24
15:22,41,25,5,487,24
15:23,61,29,6,48,24
15:25,35,29,4,257,24
15:26,31,33,6,573,8
15:28,40,33,6,310,24
15:29,23,18,8,77,24
15:32,48,31,6,536,8
15:33,58,39,21,577,24
15:39,31,8,12,329,8
15:43,66,44,5,751,24
15:44,59,46,5,433,8
15:45,7,43,5,225,24
15:47,33,26,6,311,24
15:49,67,18,5,881,24
15:50,51,36,5,240,6
15:51,1,1,6,629,24
15:53,62,39,5,561,24
15:54,4,50,4,462,24
15:56,37,31,4,183,24
15:57,66,21,4,548,8
15:58,65,4,18,156,24
16:03,38,42,4,71,24
16:04,37,15,4,261,8
16:05,54,20,5,428,8
16:07,20,14,6,611,24
16:08,20,37,5,640,24
16:10,26,6,5,611,8
16:11,20,31,22,172,8
16:17,61,18,2,164,8
16:18,60,9,6,429,8
16:20,36,45,6,892,24
16:21,23,9,4,67,8
16:23,61,45,6,863,8
16:24,57,6,13,41,24
16:28,43,39,5,591,24
16:29,38,7,6,267,24
16:31,24,31,16,44,24
16:36,12,10,12,361,24
16:39,54,12,6,869,24
16:41,41,4,5,352,24
16:42,13,27,4,643,24
16:43,61,3,57,47,24
16:59,48,23,5,28,24
17:01,19,6,5,440,24
17:02,68,20,15,239,8
17:06,18,42,5,839,24
17:08,4,12,6,803,24
17:10,19,8,20,471,24
17:15,36,5,11,437,8
17:18,23,44,22,74,24
17:25,44,24,6,186,8
17:26,40,15,4,142,8
17:27,63,40,5,461,24
17:29,20,48,6,754,24
17:31,39,38,5,9,24
17:32,4,46,17,453,24
17:37,37,45,5,121,24
17:38,26,34,4,54,8
17:39,33,40,56,620,24
17:55,67,3,5,668,8
17:57,3,19,6,51,8
17:58,37,26,21,552,24
18:04,6,10,38,101,24
18:15,22,20,5,679,8
18:16,24,20,17,590,24
18:21,34,46,6,16,24
18:23,66,16,6,603,24
18:25,49,35,15,568,24
18:29,57,5,6,802,24
18:31,1,11,4,840,24
18:32,58,47,6,776,8
18:33,59,33,4,152,24
18:35,49,11,5,399,24
18:36,3,32,4,417,8
18:37,36,29,6,641,4
18:39,27,43,4,678,24
18:40,47,31,5,444,24
18:41,57,18,5,458,24
18:43,63,6,4,539,24
18:44,52,27,4,461,4
18:45,32,14,22,134,24
18:51,50,31,5,410,8
18:53,39,21,6,534,24
18:54,10,12,5,797,24
18:56,25,24,6,496,8
18:58,56,3,5,317,24
18:59,43,39,19,551,24
19:04,14,49,5,95,24
19:06,13,8,6,486,24
19:07,21,44,6,96,8
19:09,18,3,5,159,8
19:11,28,7,4,51,8
19:12,43,18,5,861,24
19:13,50,34,8,531,24
19:15,6,11,48,321,8
19:29,66,20,4,240,24
19:30,53,24,4,652,4
19:31,48,19,4,840,6
19:32,52,7,6,726,24
19:34,50,37,54,573,24
19:49,31,33,18,434,6
19:54,2,9,19,660,24
20:00,65,34,5,325,8
20:01,62,10,6,320,24
20:03,40,7,6,369,24
20:05,46,18,37,363,8
20:15,61,13,15,195,8
20:19,28,13,6,128,24
20:21,52,31,6,43,24
20:23,41,28,20,478,8
20:28,24,25,6,198,24
20:30,64,7,6,32,24
20:32,37,35,6,856,24
20:34,47,8,5,462,24
20:35,8,28,3,304,24
20:36,56,33,5,664,24
20:37,24,37,6,845,8
20:39,30,16,5,13,24
20:40,67,31,22,243,24
20:47,46,13,5,453,24
20:48,51,42,6,21,24
20:50,52,22,4,262,8
20:51,8,36,11,349,24
20:54,31,8,4,204,8
20:55,68,42,5,401,24
20:57,12,37,39,315,24
21:08,40,21,20,771,6
21:13,34,22,5,877,24
21:15,65,27,6,759,24
21:16,34,28,4,9,8
21:17,7,50,5,612,24
21:19,49,23,6,326,24
21:21,55,28,9,517,8
21:23,46,23,22,264,24
21:29,8,10,4,665,24
21:31,22,42,6,248,24
21:32,28,50,6,25,24
21:34,28,47,4,45,24
21:35,26,6,5,272,24
21:36,3,39,4,598,8
21:38,49,18,4,208,24
21:39,18,25,5,202,24
21:40,6,3,4,523,8
21:41,25,3,14,872,24
21:45,13,6,5,898,8
21:47,33,46,8,478,24
21:49,61,25,5,397,24
21:50,51,48,5,259,8
21:52,1,16,19,801,24
21:57,70,12,4,423,24
21:58,54,34,5,146,4
22:00,50,36,6,442,24
22:01,31,29,6,292,8
22:03,31,20,4,455,6
22:04,18,3,10,186,24
22:07,21,35,6,844,24
22:09,2,19,13,445,8
22:12,34,3,4,210,8
22:14,51,37,5,480,24
22:15,37,15,6,259,8
22:17,62,27,5,32,8
22:18,28,23,1,325,24
22:18,1,19,4,418,8
22:20,6,5,12,153,8
22:23,26,28,4,477,8
22:24,36,33,5,851,8
22:25,50,20,20,80,6
22:31,48,32,3,234,4
22:32,38,23,6,890,6
22:34,36,23,4,228,6
22:35,49,33,38,787,6
