00:02,10,37,8,12,24
00:06,58,18,22,267,24
00:18,30,18,6,682,24
00:21,18,7,6,73,24
00:24,36,20,6,70,24
00:27,65,32,6,467,24
00:30,48,27,4,742,4
00:32,52,14,16,563,24
00:41,69,23,4,557,24
00:43,22,25,6,386,24
00:46,70,3,4,406,8
00:48,56,22,17,693,24
00:58,64,48,6,53,8
01:01,69,12,4,293,8
01:03,46,20,59,474,24
01:34,64,42,4,114,24
01:36,14,12,6,617,24
01:40,56,11,8,69,24
01:44,33,48,2,234,24
01:45,26,2,5,187,24
01:48,40,44,5,811,24
01:50,46,44,6,664,24
01:54,53,29,5,231,24
01:56,43,31,4,128,8
01:58,49,9,4,714,24
02:00,58,39,59,736,24
02:32,19,41,5,357,24
02:35,21,24,6,340,24
02:38,49,15,6,43,24
02:41,2,18,12,160,8
02:47,5,32,5,176,8
02:50,70,6,6,280,24
02:53,21,41,20,70,8
03:04,3,42,6,572,8
03:07,46,4,4,14,8
03:09,29,14,5,80,24
03:12,19,31,5,360,8
03:15,36,25,13,456,24
03:22,43,33,6,265,24
03:25,35,46,5,112,24
03:27,15,24,59,372,24
03:59,22,35,5,686,24
04:02,26,32,6,779,8
04:05,1,31,5,727,8
04:07,44,31,4,137,24
04:10,23,33,5,774,8
04:12,19,25,15,97,24
04:20,36,26,6,319,6
04:23,52,8,6,676,24
04:27,65,10,23,864,24
04:39,65,37,4,486,8
04:41,2,36,5,318,8
04:44,58,18,13,604,24
04:51,37,12,6,642,24
04:54,46,48,18,606,24
05:03,67,42,9,309,24
05:08,39,31,6,240,24
05:11,9,2,6,857,24
05:15,28,19,6,475,24
05:18,19,36,6,625,24
05:21,26,32,6,834,8
05:24,31,17,5,315,24
05:27,49,31,6,848,24
05:30,48,29,4,384,8
05:32,43,26,4,304,24
05:34,35,31,5,232,8
05:37,48,3,2,218,24
05:38,50,48,11,211,24
05:44,11,49,4,656,24
05:46,4,20,5,56,24
05:49,48,33,6,385,24
05:52,11,22,5,164,24
05:55,7,11,4,213,24
05:57,68,36,4,65,24
05:59,23,25,5,110,8
06:02,42,39,5,583,6
06:04,61,23,4,554,24
06:06,43,33,5,395,24
06:09,35,42,5,245,8
06:12,60,28,11,275,24
06:18,49,22,6,140,24
06:21,31,46,5,90,24
06:23,33,40,20,14,8
06:34,22,3,4,848,8
06:36,44,34,5,247,24
06:39,41,21,6,552,6
06:42,9,13,12,603,8
06:48,16,22,4,365,24
06:51,46,33,6,72,4
06:54,28,35,15,722,8
07:02,54,19,5,258,8
07:04,42,32,6,797,4
07:08,66,33,4,874,24
07:10,33,26,6,618,6
07:13,19,28,5,673,8
07:16,28,31,4,300,24
07:18,54,21,6,195,4
07:21,6,28,11,412,24
07:27,66,46,4,747,24
07:29,46,34,57,797,8
07:59,12,9,6,57,24
08:03,37,48,4,751,8
08:05,65,22,26,362,8
08:19,38,36,6,511,8
08:22,3,9,5,52,24
08:24,31,17,5,899,24
08:27,65,45,5,494,8
08:30,46,25,6,7,24
08:33,7,6,4,184,24
08:35,38,24,9,419,24
08:40,29,36,6,655,24
08:43,44,14,4,782,24
08:45,59,12,25,194,24
08:59,23,21,19,67,24
09:09,47,46,4,697,24
09:11,52,16,19,402,24
09:21,55,3,18,527,24
09:31,39,3,6,333,24
09:34,46,40,5,105,24
09:36,28,9,6,712,24
09:40,36,21,11,273,24
09:46,65,3,16,97,8
09:54,31,9,21,298,24
10:05,36,48,27,529,24
10:20,14,26,6,199,24
10:23,39,32,5,459,4
10:26,50,20,5,583,4
10:28,26,26,5,755,24
10:31,38,13,14,487,8
10:38,24,8,4,465,8
10:40,24,22,5,52,24
10:43,23,9,8,109,24
10:47,60,29,22,50,8
10:59,55,23,5,823,24
11:02,22,47,4,881,24
11:04,5,40,5,536,8
11:07,23,19,16,899,24
11:15,53,24,4,635,24
11:17,68,10,5,776,24
11:20,2,33,38,246,8
11:40,62,23,6,397,8
11:43,48,32,6,410,8
11:47,41,40,51,294,8
12:14,15,48,5,436,8
12:16,57,43,4,90,8
12:19,58,18,47,120,24
12:44,37,5,5,508,24
12:46,60,22,18,615,24
12:56,69,16,4,417,24
12:58,60,34,6,568,24
13:01,30,3,21,639,24
13:12,37,22,4,427,8
13:15,36,24,6,244,6
13:18,56,45,4,183,24
13:20,21,45,4,28,24
13:22,59,41,5,120,24
13:25,14,17,6,744,8
13:28,70,37,4,155,24
13:30,17,43,5,32,24
13:33,1,4,6,671,24
13:36,5,43,6,168,24
13:39,1,45,17,860,24
13:48,52,11,6,303,24
13:51,19,1,13,855,24
13:58,16,35,5,219,24
14:01,62,39,19,215,8
14:11,50,13,15,796,8
14:19,3,15,5,483,24
14:22,21,12,22,201,24
14:34,37,35,16,361,24
14:42,35,29,6,164,24
14:45,35,33,5,198,24
14:48,38,44,5,122,24
14:51,66,32,19,750,8
15:01,17,34,6,841,24
15:04,31,2,4,421,24
15:06,68,35,5,590,8
15:09,63,33,19,770,24
15:19,62,36,6,99,24
15:22,6,34,16,692,24
15:31,54,33,4,288,4
15:33,22,49,17,711,24
15:42,47,39,4,140,6
15:44,49,5,6,744,24
15:47,64,24,6,307,8
15:50,66,45,5,663,24
15:53,52,16,4,822,24
15:55,13,45,5,180,24
15:58,60,10,4,775,8
16:00,36,13,4,845,24
16:02,26,11,4,306,24
16:04,53,8,6,339,24
16:07,64,12,20,42,24
16:18,66,40,5,484,24
16:21,16,18,19,744,24
16:31,2,50,6,814,8
16:34,18,28,5,209,24
16:37,26,25,5,395,24
16:39,12,39,6,622,24
16:43,11,10,6,429,24
16:46,22,49,4,304,24
16:48,70,43,4,124,24
16:50,43,35,5,138,24
16:53,62,29,6,579,24
16:56,53,28,4,763,24
16:58,7,33,18,219,8
17:08,50,12,5,106,24
17:10,67,21,6,406,8
17:14,43,20,2,244,4
17:15,8,12,5,198,24
17:17,11,42,15,884,24
17:25,58,5,13,736,24
17:32,5,36,5,783,24
17:35,7,7,17,829,24
17:44,9,25,22,83,24
17:56,4,35,3,197,24
17:57,1,18,5,288,24
18:00,43,36,5,473,24
18:03,70,34,6,222,24
18:06,58,10,19,502,24
18:16,20,10,6,156,24
18:19,36,40,6,512,24
18:22,17,50,16,354,24
18:31,24,23,6,582,24
18:34,69,48,4,288,24
18:36,47,4,5,792,8
18:39,39,9,23,243,24
18:51,3,49,5,284,24
18:54,11,50,10,15,24
18:59,39,46,27,214,24
19:14,11,9,4,760,24
19:16,41,15,5,85,24
19:18,44,10,6,39,8
19:22,19,1,6,793,24
19:25,69,12,40,191,24
19:46,17,17,38,658,24
20:06,1,44,5,49,24
20:09,38,28,6,350,24
20:12,35,9,5,617,24
20:15,58,8,4,109,8
20:17,43,12,19,108,24
20:27,60,6,5,592,24
20:30,50,26,6,617,8
20:33,53,41,33,865,8
20:51,64,26,5,379,24
20:53,46,26,4,623,24
20:55,44,25,13,843,24
21:02,6,3,45,392,24
21:26,5,12,5,54,24
21:29,54,16,9,40,6
21:34,60,38,9,265,24
21:39,7,10,10,254,8
21:44,14,2,14,452,24
21:51,48,29,28,629,6
22:06,61,1,5,140,8
22:09,49,24,6,887,4
22:12,16,15,6,401,24
22:15,55,31,8,557,24
22:20,52,16,5,635,6
22:22,43,17,4,488,24
22:24,30,44,5,695,24
22:27,53,49,5,779,8
22:30,69,50,6,752,24
22:33,38,9,4,677,24
22:35,1,17,5,839,24
22:38,57,21,4,464,24
22:40,50,10,5,452,8
22:43,29,43,4,407,24
22:45,3,47,6,895,24
22:48,27,11,4,556,8
22:50,28,16,4,870,24
22:52,46,35,4,857,24
22:54,14,29,6,651,24
22:58,2,38,6,760,24
23:01,56,17,4,393,8
23:03,20,16,5,704,24
23:06,62,45,6,295,24
23:09,18,16,8,862,24
23:13,53,21,5,865,24
23:16,18,13,5,865,24
23:18,35,32,30,405,24
23:34,46,24,4,328,6
23:36,38,31,4,487,6
23:39,39,34,6,273,4
23:42,52,27,5,168,6
23:44,44,24,3,745,4
23:46,37,15,19,550,6
