00:01,59,6,5,55,24
00:05,34,13,6,877,24
00:10,68,41,6,523,8
00:15,62,8,20,66,24
00:33,51,33,4,816,4
00:36,43,6,5,313,24
00:40,25,16,4,252,24
00:44,29,22,4,288,24
00:47,44,47,5,140,8
00:52,37,22,4,724,8
00:55,22,10,6,524,24
01:00,17,37,4,647,24
01:04,37,7,6,877,24
01:09,64,39,6,408,24
01:14,38,29,22,628,24
01:33,51,42,9,139,24
01:41,63,27,4,10,24
01:45,56,3,14,663,24
01:57,39,29,4,83,24
02:00,41,32,5,668,24
02:04,36,41,15,881,8
02:17,59,27,19,465,24
02:34,61,47,4,180,8
02:37,38,3,6,513,24
02:43,63,31,4,610,8
02:46,30,43,20,588,24
03:03,66,1,4,723,8
03:07,47,42,5,93,24
03:11,46,25,6,578,6
03:16,40,11,4,830,24
03:20,16,1,23,569,8
03:40,46,22,5,804,24
03:44,6,1,5,608,8
03:48,40,12,6,292,8
03:54,50,37,4,263,24
03:57,37,15,4,565,24
04:01,46,13,4,297,24
04:04,51,28,12,835,24
04:14,32,46,4,132,24
04:18,47,46,5,683,8
04:22,41,28,21,897,24
04:40,56,17,4,212,24
04:44,25,27,20,646,24
05:01,53,15,6,430,24
05:06,46,22,6,601,24
05:12,66,13,6,322,24
05:17,63,37,5,804,24
05:21,46,9,4,890,24
05:25,11,25,17,813,8
05:39,29,8,21,592,24
05:58,4,12,4,387,24
06:01,20,10,4,728,24
06:05,5,5,5,338,24
06:09,52,37,26,30,24
06:31,10,33,5,402,8
06:36,52,8,5,342,24
06:40,22,24,6,560,24
06:45,2,50,5,432,24
06:50,28,41,6,396,24
06:55,61,32,5,378,8
06:59,13,24,5,867,24
07:03,25,41,11,751,24
07:13,4,33,55,419,24
08:01,31,41,6,204,8
08:06,68,45,12,323,8
08:16,29,3,5,609,24
08:21,51,16,5,233,8
08:25,16,38,4,163,24
08:28,1,21,5,142,24
08:33,47,17,4,761,24
08:36,42,12,5,760,24
08:41,23,16,3,148,24
08:43,33,46,4,435,24
08:47,42,32,6,241,24
08:52,43,12,39,768,24
09:26,63,33,5,886,24
09:30,46,31,4,438,8
09:33,18,24,4,354,24
09:37,21,41,4,155,8
09:40,6,3,36,725,24
10:12,46,35,12,518,8
10:22,6,4,12,595,24
10:32,4,12,4,596,8
10:36,50,21,6,253,4
10:41,37,21,5,610,8
10:45,20,43,14,601,8
10:57,5,36,4,357,24
11:01,42,25,6,684,8
11:06,33,44,5,371,24
11:10,68,21,4,519,24
11:14,34,1,10,66,8
11:23,69,20,5,95,24
11:27,15,31,19,23,24
11:43,42,1,5,306,24
11:48,37,17,4,221,8
11:51,50,25,5,626,4
11:56,54,31,5,11,24
12:00,67,26,5,433,24
12:04,4,18,4,346,24
12:08,34,38,4,468,24
12:11,66,11,9,382,24
12:19,31,18,6,868,6
12:24,66,5,6,639,8
12:29,14,5,4,834,24
12:33,62,24,6,299,8
12:38,2,4,17,607,8
12:53,37,25,6,75,8
12:58,34,15,4,328,24
13:01,20,10,6,778,8
13:07,20,16,6,18,8
13:12,34,44,5,317,24
13:16,33,9,6,777,24
13:21,34,29,4,488,6
13:25,8,36,19,628,24
13:41,63,11,49,676,24
14:24,9,19,6,429,8
14:29,15,24,8,221,24
14:36,43,49,3,895,24
14:38,2,42,17,110,24
14:53,38,49,4,244,24
14:57,29,46,21,51,24
15:15,6,14,4,212,8
15:18,52,34,18,419,4
15:34,56,24,11,373,24
15:43,17,49,5,255,24
15:48,35,13,22,14,24
16:07,10,34,5,562,24
16:11,2,13,6,654,24
16:16,44,24,6,565,24
16:22,41,19,6,833,8
16:27,30,23,5,237,24
16:31,30,39,5,329,6
16:35,68,33,8,861,24
16:42,17,2,5,243,8
16:47,67,23,5,49,8
16:51,65,50,5,441,24
16:55,37,13,5,838,8
17:00,36,14,5,56,8
17:04,24,32,13,274,8
17:15,39,48,5,199,8
17:20,33,5,13,594,8
17:31,23,7,4,502,24
17:34,24,31,6,266,24
17:40,44,32,5,280,8
17:44,14,33,5,549,24
17:48,8,9,5,196,24
17:53,11,48,6,145,24
17:58,24,14,13,490,24
18:09,2,3,5,472,24
18:13,66,45,4,786,24
18:17,64,22,5,2,24
18:21,24,25,20,693,24
18:39,30,16,13,117,24
18:50,10,16,4,38,24
18:53,37,21,2,13,24
18:55,59,45,5,60,24
18:59,15,3,5,68,24
19:04,4,23,2,10,24
19:05,40,44,2,336,24
19:07,51,49,5,35,8
19:11,68,2,4,191,24
19:15,20,41,5,364,24
19:19,43,24,4,157,6
19:23,39,45,4,471,24
19:26,19,8,6,496,24
19:31,3,28,4,885,8
19:35,10,13,5,385,24
19:39,46,29,5,187,8
19:44,68,29,4,507,24
19:47,3,15,4,493,8
19:50,9,39,5,285,8
19:55,64,5,6,727,8
20:00,18,37,5,252,24
20:04,9,14,43,667,24
20:42,12,16,5,801,24
20:46,50,11,5,383,8
20:50,24,19,24,250,24
21:11,13,12,4,135,24
21:15,19,26,6,711,24
21:20,21,44,5,538,24
21:24,28,40,20,441,8
21:41,2,10,5,782,24
21:46,46,35,6,309,24
21:51,20,1,6,885,24
21:56,23,35,5,450,24
22:00,41,22,21,789,24
22:19,46,14,4,95,24
22:22,30,37,4,88,24
22:26,30,18,5,327,24
22:30,40,45,5,169,24
22:34,4,13,5,426,24
22:39,48,42,5,314,24
22:43,14,6,9,680,8
22:51,42,43,6,600,24
22:56,61,20,6,626,24
23:01,28,21,2,312,24
23:03,43,49,6,85,8
23:08,14,25,5,503,8
23:12,54,48,10,876,8
23:21,36,33,19,160,6
23:38,38,26,22,222,6
