00:03,28,12,13,631,8
00:09,25,44,6,116,8
00:11,29,42,6,247,8
00:14,37,2,4,199,8
00:16,14,40,4,555,24
00:18,46,5,10,48,24
00:23,10,31,21,5,24
00:32,1,43,37,197,24
00:50,10,9,13,822,24
00:56,46,35,13,513,24
01:02,19,17,4,439,8
01:04,35,44,5,688,24
01:06,66,43,4,622,8
01:08,17,45,3,511,8
01:09,13,37,5,423,24
01:12,2,12,4,690,24
01:13,49,19,5,527,24
01:16,37,2,5,89,24
01:18,60,6,6,692,24
01:21,62,21,4,572,24
01:23,14,42,5,468,24
01:25,66,17,4,819,24
01:27,66,5,4,648,24
01:29,55,2,22,141,24
01:39,20,50,6,825,24
01:42,11,5,6,257,24
01:45,48,39,5,18,6
01:47,32,47,14,220,24
01:54,55,32,5,227,24
01:56,12,39,13,776,24
02:02,55,17,4,74,24
02:04,63,11,5,330,24
02:06,2,8,5,681,24
02:09,42,42,5,846,24
02:11,64,2,4,212,8
02:13,1,3,16,641,8
02:20,43,40,5,742,8
02:23,27,12,5,708,24
02:25,52,17,5,310,24
02:27,68,14,5,726,24
02:30,46,43,6,598,24
02:32,4,49,9,555,24
02:37,67,8,10,531,24
02:41,29,6,4,281,24
02:43,2,2,5,56,24
02:45,5,23,5,301,24
02:48,54,24,5,503,24
02:50,69,9,5,318,24
02:52,11,39,4,622,24
02:54,47,45,4,1,24
02:56,50,21,18,253,24
03:05,51,12,6,56,24
03:07,2,5,5,288,24
03:10,17,20,5,326,24
03:12,59,1,16,478,24
03:19,20,15,14,123,24
03:26,56,18,4,422,24
03:28,30,38,5,689,8
03:30,50,49,42,822,8
03:50,52,44,6,179,24
03:53,20,31,6,358,24
03:55,53,26,5,699,6
03:58,3,22,5,167,24
04:00,6,27,6,705,8
04:03,1,24,10,135,24
04:08,64,15,6,534,24
04:10,3,44,4,190,24
04:12,31,42,6,326,24
04:15,41,9,22,326,24
04:25,52,22,5,887,4
04:28,26,5,4,559,24
04:29,38,13,20,186,24
04:39,16,41,2,575,8
04:40,51,25,4,691,24
04:42,49,9,6,612,24
04:44,52,28,5,579,6
04:47,10,24,4,6,24
04:49,6,31,5,391,24
04:51,4,49,4,699,24
04:53,6,47,5,105,24
04:55,40,39,6,560,24
04:58,48,12,6,702,24
05:01,64,18,6,603,24
05:04,31,13,5,287,24
05:06,37,32,5,458,4
05:08,52,34,5,897,24
05:11,46,2,5,766,24
05:13,28,50,9,277,24
05:17,58,37,6,859,24
05:20,44,37,5,724,24
05:22,40,37,5,66,24
05:25,55,39,5,706,24
05:27,18,36,4,565,24
05:29,59,35,3,758,8
05:30,54,31,19,1,4
05:39,14,37,5,609,24
05:41,40,49,48,682,8
06:04,33,16,17,475,24
06:12,15,31,4,267,8
06:14,32,10,38,142,24
06:31,27,21,4,197,24
06:33,36,1,4,457,24
06:35,12,4,6,125,24
06:38,54,19,5,257,8
06:40,48,17,6,196,8
06:43,30,7,5,193,24
06:45,48,11,5,702,8
06:48,28,49,5,844,24
06:50,53,49,6,762,24
06:53,58,37,22,453,24
07:03,49,12,42,561,24
07:23,19,36,20,175,24
07:32,18,50,5,621,8
07:34,32,13,21,163,24
07:44,36,14,16,11,8
07:52,38,21,4,257,24
07:53,47,18,6,226,6
07:56,50,49,6,11,24
07:59,13,34,6,250,24
08:02,37,34,31,842,4
08:16,32,8,22,274,24
08:27,70,2,37,154,8
08:44,65,17,6,531,24
08:47,52,40,5,373,24
08:49,37,23,3,701,8
08:50,65,26,9,811,24
08:55,59,41,4,249,24
08:56,42,33,6,681,24
08:59,46,29,5,31,8
09:02,23,33,23,259,24
09:12,37,33,5,585,6
09:15,46,5,5,90,24
09:17,31,14,10,452,8
09:22,59,41,20,211,24
09:31,60,11,4,490,24
09:33,47,47,6,504,24
09:36,52,17,4,603,24
09:37,60,24,6,598,24
09:40,46,32,4,472,24
09:42,57,36,5,643,8
09:44,55,11,6,407,8
09:47,50,45,4,59,24
09:49,70,22,12,600,8
09:55,66,24,5,159,8
09:57,68,31,5,300,24
09:59,69,41,10,713,24
10:04,52,16,4,496,24
10:06,69,21,8,121,24
10:10,24,22,4,8,24
10:12,42,34,12,680,8
10:17,43,24,6,706,8
10:20,48,13,6,307,24
10:23,19,26,5,421,24
10:25,43,13,4,719,8
10:27,43,22,4,386,6
10:29,17,40,4,618,24
10:31,21,8,6,746,8
10:33,10,11,8,625,24
10:37,9,38,5,12,24
10:40,58,27,19,108,24
10:48,10,44,5,429,24
10:51,18,35,6,233,24
10:54,29,33,51,597,24
11:17,38,17,19,534,24
11:26,59,9,39,408,8
11:44,9,3,5,532,8
11:47,68,15,5,761,24
11:49,61,18,3,568,24
11:50,34,42,6,865,24
11:53,64,4,5,9,24
11:56,25,32,5,137,24
11:58,25,22,16,602,24
12:05,35,9,6,196,24
12:08,29,17,5,808,8
12:11,21,25,6,182,24
12:13,49,1,4,831,24
12:15,31,6,6,273,8
12:18,42,12,6,502,24
12:21,53,16,6,849,24
12:24,25,37,4,136,24
12:25,3,1,4,240,24
12:27,40,28,4,7,8
12:29,23,33,6,487,24
12:32,60,38,6,707,24
12:35,62,13,6,895,24
12:38,36,37,4,77,24
12:39,65,34,37,730,24
12:57,31,1,4,441,24
12:59,20,18,2,264,24
13:00,60,14,16,800,8
13:07,12,5,26,126,8
13:19,18,21,4,396,24
13:21,8,29,5,200,8
13:23,60,18,4,118,24
13:25,3,3,6,629,24
13:28,61,41,4,549,24
13:30,8,18,52,569,8
13:54,1,49,5,756,8
13:56,58,21,5,322,24
13:59,3,49,4,6,24
14:01,68,10,4,63,24
14:03,58,33,5,381,24
14:05,49,11,14,729,24
14:11,9,36,6,365,24
14:14,15,39,9,93,24
14:18,50,20,5,32,24
14:21,40,31,4,421,24
14:23,50,28,5,153,24
14:25,27,20,5,10,8
14:27,55,11,55,440,24
14:53,2,31,4,181,8
14:55,24,41,16,785,24
15:02,63,9,4,707,24
15:04,32,6,6,5,8
15:07,62,34,5,389,24
15:09,49,8,29,180,24
15:23,44,13,6,65,24
15:26,32,47,4,134,8
15:27,33,22,23,229,8
15:38,15,4,16,411,24
15:46,60,38,2,253,8
15:47,32,16,28,231,6
16:00,46,34,49,3,8
16:23,62,31,19,256,24
16:31,20,36,4,154,8
16:33,7,41,4,342,8
16:35,12,21,4,66,24
16:37,13,49,19,754,24
16:46,41,20,44,64,24
17:06,32,2,5,356,24
17:09,37,12,6,815,24
17:12,55,6,6,566,24
17:14,37,8,5,442,24
17:17,61,17,6,575,24
17:19,44,18,4,5,24
17:21,51,43,6,439,24
17:24,16,9,20,262,24
17:33,66,19,4,889,8
17:35,68,43,16,252,24
17:43,12,50,6,199,24
17:46,15,45,12,881,24
17:51,57,32,6,154,24
17:54,68,31,6,622,24
17:57,39,15,5,349,24
17:59,58,31,20,131,24
18:08,46,9,4,192,24
18:10,41,41,5,415,24
18:13,38,6,20,304,8
18:22,6,36,6,446,24
18:25,12,5,6,464,24
18:28,23,40,6,462,8
18:30,70,33,4,40,24
18:32,52,26,18,427,24
18:41,29,50,6,25,24
18:43,12,40,5,311,24
18:46,52,15,6,805,24
18:49,40,38,5,872,24
18:51,43,14,4,575,24
18:53,53,33,4,156,24
18:55,22,26,5,354,24
18:57,8,34,27,257,8
19:10,34,1,5,237,24
19:12,53,19,5,790,24
19:14,51,13,5,809,24
19:17,16,3,6,896,24
19:19,65,47,4,578,8
19:21,13,41,5,875,24
19:24,14,16,6,267,24
19:26,33,49,5,11,24
19:29,12,49,4,13,24
19:31,13,19,57,329,24
19:57,37,44,6,466,24
20:00,10,7,4,369,24
20:02,26,10,6,543,8
20:05,9,17,6,638,24
20:07,65,15,6,374,24
20:10,43,36,5,64,24
20:13,15,26,10,780,24
20:17,3,11,5,132,24
20:20,64,5,13,672,24
20:26,50,40,6,748,24
20:28,2,43,5,389,24
20:31,43,10,6,435,24
20:34,46,38,15,39,24
20:41,50,16,4,878,6
20:42,63,8,20,273,24
20:52,9,20,6,762,24
20:55,63,38,5,400,24
20:57,1,23,4,576,24
20:59,43,46,5,304,24
21:01,58,29,6,787,24
21:04,62,21,19,346,24
21:13,39,21,6,139,24
21:16,20,11,5,6,24
21:18,30,2,10,153,24
21:23,68,4,5,168,24
21:25,51,24,6,655,8
21:28,44,45,19,778,24
21:37,44,43,4,61,24
21:38,66,31,6,839,24
21:41,61,25,9,479,24
21:45,28,39,6,472,8
21:48,38,4,4,713,8
21:50,40,16,5,220,24
21:52,8,25,4,462,24
21:54,27,49,5,494,24
21:57,39,6,13,151,24
22:03,29,22,24,257,24
22:14,13,27,6,445,24
22:17,48,35,6,544,24
22:20,67,27,6,707,24
22:22,15,6,5,794,8
22:25,27,39,5,435,24
22:27,44,37,6,822,24
22:30,2,34,13,673,24
22:36,33,14,6,241,8
22:39,19,10,9,759,24
22:43,65,19,13,711,8
22:49,36,16,5,858,8
22:51,64,26,6,71,8
22:54,58,35,18,167,8
23:02,30,31,5,716,6
23:05,51,31,4,796,6
23:07,44,20,6,123,6
23:09,37,31,6,623,6
23:12,50,31,5,383,6
23:15,41,17,5,151,6
23:17,51,24,6,337,6
23:20,48,32,6,26,6
23:23,31,16,6,314,6
23:25,51,22,4,172,6
23:27,41,27,4,12,6
23:29,44,32,1,267,6
